# name: glycerol (c<2.75M)
# temperature: 20°C
# reference: CRC handbook 90th edition 2009, p. 8-60
#! concentration [M], density [g/cm^3], refractive index, viscosity [mPa*s]
0.000,	0.9982,	1.3339,	1.0016
0.054,	0.9994,	1.3336,	1.011
0.109,	1.0005,	1.3342,	1.022
0.218,	1.0028,	1.3353,	1.048
0.327,	1.0051,	1.3365,	1.074
0.438,	1.0074,	1.3376,	1.100
0.548,	1.0097,	1.3388,	1.127
0.659,	1.0120,	1.3400,	1.157
0.771,	1.0144,	1.3412,	1.188
0.883,	1.0167,	1.3424,	1.220
0.996,	1.0191,	1.3436,	1.256
1.109,	1.0215,	1.3448,	1.291
1.337,	1.0262,	1.3472,	1.365
1.568,	1.0311,	1.3496,	1.445
1.800,	1.0360,	1.3521,	1.533
2.035,	1.0409,	1.3547,	1.630
2.271,	1.0459,	1.3572,	1.737
2.752,	1.0561,	1.3624,	1.988
#3.242,	1.0664,	1.3676,	2.279
#3.742,	1.0770,	1.3730,	2.637
#4.252,	1.0876,	1.3785,	3.088
#4.771,	1.0984,	1.3841,	3.653