# name: sodium acetate
# temperature: 20°C
# reference: CRC handbook 90th edition 2009, p. 8-61
#! concentration [M], density [g/cm^3], refractive index, viscosity [mPa*s]
0.000,	0.9982,	1.3339,	1.0016
0.061,	1.0008,	1.3337,	1.021
0.122,	1.0034,	1.3344,	1.040
0.246,	1.0085,	1.3358,	1.080
0.371,	1.0135,	1.3372,	1.124
0.497,	1.0184,	1.3386,	1.171
0.624,	1.0234,	1.3400,	1.222
0.752,	1.0283,	1.3414,	1.278
0.882,	1.0334,	1.3428,	1.337
1.013,	1.0386,	1.3442,	1.401
1.145,	1.0440,	1.3456,	1.468
1.279,	1.0495,	1.3470,	1.539
1.552,	1.0607,	1.3498,	1.688
1.829,	1.0718,	1.3526,	1.855
2.112,	1.0830,	1.3554,	2.054
2.400,	1.0940,	1.3583,	2.284
2.694,	1.1050,	1.3611,	2.567
2.993,	1.1159,	1.3639,	2.948
#3.297,	1.1268,	1.3666,	3.400
#3.606,	1.1377,	1.3693,	3.877
#3.921,	1.1488,	1.3720,	4.388
#4.243,	1.1602,	1.3748,	4.940