# number, position 1[micrometer], ideal position 1 [micrometer] 
0, 525.034800000000018, 525.034800000000018
1, 524.972700000000032, 524.834799999999973
2, 524.703599999999938, 524.634799999999927
3, 524.475900000000024, 524.434799999999882
4, 524.25509999999997, 524.234799999999836
5, 524.048099999999977, 524.034799999999791
6, 523.841099999999983, 523.834799999999746
7, 523.627200000000016, 523.6347999999997
8, 523.440899999999942, 523.434799999999655
9, 523.233899999999949, 523.234799999999609
10, 523.026899999999955, 523.034799999999564
11, 522.826799999999935, 522.834799999999518
12, 522.619799999999941, 522.634799999999473
13, 522.426600000000008, 522.434799999999427
14, 522.226499999999987, 522.234799999999382
15, 522.026399999999967, 522.034799999999336
16, 521.833200000000033, 521.834799999999291
17, 521.633100000000013, 521.634799999999245
18, 521.426100000000019, 521.4347999999992
19, 521.225999999999999, 521.234799999999154
20, 521.032799999999952, 521.034799999999109
21, 520.825799999999958, 520.834799999999063
22, 520.618799999999965, 520.634799999999018
23, 520.432500000000005, 520.434799999998972
24, 520.218600000000038, 520.234799999998927
25, 520.025399999999991, 520.034799999998882
26, 519.82529999999997, 519.834799999998836
27, 519.62519999999995, 519.634799999998791
28, 519.432000000000016, 519.434799999998745
29, 519.225000000000023, 519.2347999999987
30, 519.038699999999949, 519.034799999998654
31, 518.824799999999982, 518.834799999998609
32, 518.624699999999962, 518.634799999998563
33, 518.417699999999968, 518.434799999998518
34, 518.217599999999948, 518.234799999998472
35, 518.031299999999987, 518.034799999998427
36, 517.831199999999967, 517.834799999998381
37, 517.638000000000034, 517.634799999998336
38, 517.437900000000013, 517.43479999999829
39, 517.23090000000002, 517.234799999998245
40, 517.037699999999973, 517.034799999998199
41, 516.830699999999979, 516.834799999998154
42, 516.630599999999959, 516.634799999998108
43, 516.423599999999965, 516.434799999998063
44, 516.237300000000005, 516.234799999998017
45, 516.030300000000011, 516.034799999997972
46, 515.830199999999991, 515.834799999997927
47, 515.63009999999997, 515.634799999997881
48, 515.42999999999995, 515.434799999997836
49, 515.236800000000017, 515.23479999999779
50, 515.029800000000023, 515.034799999997745
51, 514.843499999999949, 514.834799999997699
52, 514.629599999999982, 514.634799999997654
53, 514.429499999999962, 514.434799999997608
54, 514.222499999999968, 514.234799999997563
55, 514.029300000000035, 514.034799999997517
56, 513.822300000000041, 513.834799999997472
57, 513.629099999999994, 513.634799999997426
58, 513.435899999999947, 513.434799999997381
59, 513.23580000000004, 513.234799999997335
60, 513.028800000000047, 513.03479999999729
61, 512.828700000000026, 512.834799999997244
62, 512.628600000000006, 512.634799999997199
63, 512.428499999999985, 512.434799999997153
64, 512.228399999999965, 512.234799999997108
65, 512.035200000000032, 512.034799999997063
66, 511.828199999999981, 511.834799999997074
67, 511.628100000000018, 511.634799999997085
68, 511.434899999999971, 511.434799999997097
69, 511.227899999999977, 511.234799999997108
70, 511.027800000000013, 511.034799999997119
71, 510.827699999999993, 510.834799999997131
72, 510.627599999999973, 510.634799999997142
73, 510.434399999999982, 510.434799999997153
74, 510.220500000000015, 510.234799999997165
75, 510.027299999999968, 510.034799999997176
76, 509.827200000000005, 509.834799999997188
77, 509.627099999999984, 509.634799999997199
78, 509.426999999999964, 509.43479999999721
79, 509.226900000000001, 509.234799999997222
80, 509.03370000000001, 509.034799999997233
81, 508.826700000000017, 508.834799999997244
82, 508.626599999999996, 508.634799999997256
83, 508.426499999999976, 508.434799999997267
84, 508.226400000000012, 508.234799999997279
85, 508.026299999999992, 508.03479999999729
86, 507.826199999999972, 507.834799999997301
87, 507.632999999999981, 507.634799999997313
88, 507.425999999999988, 507.434799999997324
89, 507.225899999999967, 507.234799999997335
90, 507.025800000000004, 507.034799999997347
91, 506.825699999999983, 506.834799999997358
92, 506.625599999999963, 506.634799999997369
93, 506.432399999999973, 506.434799999997381
94, 506.232300000000009, 506.234799999997392
95, 506.025300000000016, 506.034799999997404
96, 505.818299999999965, 505.834799999997415
97, 505.618200000000002, 505.634799999997426
98, 505.425000000000011, 505.434799999997438
99, 505.224899999999991, 505.234799999997449
100, 505.024799999999971, 505.03479999999746
101, 504.83159999999998, 504.834799999997472
102, 504.624599999999987, 504.634799999997483
103, 504.424499999999966, 504.434799999997495
104, 504.238200000000006, 504.234799999997506
105, 504.031200000000013, 504.034799999997517
106, 503.824200000000019, 503.834799999997529
107, 503.630999999999972, 503.63479999999754
108, 503.437799999999982, 503.434799999997551
109, 503.223900000000015, 503.234799999997563
110, 503.030699999999968, 503.034799999997574
111, 502.830600000000004, 502.834799999997585
112, 502.630499999999984, 502.634799999997597
113, 502.430399999999963, 502.434799999997608
114, 502.237199999999973, 502.23479999999762
115, 502.037100000000009, 502.034799999997631
116, 501.823199999999986, 501.834799999997642
117, 501.629999999999995, 501.634799999997654
118, 501.429899999999975, 501.434799999997665
119, 501.229800000000012, 501.234799999997676
120, 501.022800000000018, 501.034799999997688
121, 500.836500000000001, 500.834799999997699
122, 500.636399999999981, 500.634799999997711
123, 500.436300000000017, 500.434799999997722
124, 500.236199999999997, 500.234799999997733
125, 500.029200000000003, 500.034799999997745
126, 499.836000000000013, 499.834799999997756
127, 499.622099999999989, 499.634799999997767
128, 499.428899999999999, 499.434799999997779
129, 499.235700000000008, 499.23479999999779
130, 499.021799999999985, 499.034799999997801
131, 498.828599999999994, 498.834799999997813
132, 498.621600000000001, 498.634799999997824
133, 498.435299999999984, 498.434799999997836
134, 498.22829999999999, 498.234799999997847
135, 498.02819999999997, 498.034799999997858
136, 497.84190000000001, 497.83479999999787
137, 497.627999999999986, 497.634799999997881
138, 497.427899999999966, 497.434799999997892
139, 497.227800000000002, 497.234799999997904
140, 497.027699999999982, 497.034799999997915
141, 496.827600000000018, 496.834799999997927
142, 496.627499999999998, 496.634799999997938
143, 496.434300000000007, 496.434799999997949
144, 496.220399999999984, 496.234799999997961
145, 496.0548, 496.034799999997972
146, 495.81329999999997, 495.834799999997983
147, 495.633899999999983, 495.634799999997995
148, 495.413099999999986, 495.434799999998006
149, 495.226799999999969, 495.234799999998017
150, 495.033599999999979, 495.034799999998029
151, 494.826599999999985, 494.83479999999804
152, 494.626499999999965, 494.634799999998052
153, 494.426400000000001, 494.434799999998063
154, 494.233200000000011, 494.234799999998074
155, 494.03309999999999, 494.034799999998086
156, 493.819199999999967, 493.834799999998097
157, 493.632900000000006, 493.634799999998108
158, 493.425900000000013, 493.43479999999812
159, 493.218900000000019, 493.234799999998131
160, 493.025699999999972, 493.034799999998143
161, 492.825600000000009, 492.834799999998154
162, 492.618600000000015, 492.634799999998165
163, 492.418499999999995, 492.434799999998177
164, 492.232199999999978, 492.234799999998188
165, 492.032100000000014, 492.034799999998199
166, 491.825099999999964, 491.834799999998211
167, 491.625, 491.634799999998222
168, 491.42489999999998, 491.434799999998233
169, 491.224800000000016, 491.234799999998245
170, 491.024699999999996, 491.034799999998256
171, 490.831500000000005, 490.834799999998268
172, 490.631399999999985, 490.634799999998279
173, 490.431299999999965, 490.43479999999829
174, 490.238099999999974, 490.234799999998302
175, 490.024200000000008, 490.034799999998313
176, 489.837899999999991, 489.834799999998324
177, 489.623999999999967, 489.634799999998336
178, 489.437700000000007, 489.434799999998347
179, 489.237599999999986, 489.234799999998359
180, 489.030599999999993, 489.03479999999837
181, 488.830499999999972, 488.834799999998381
182, 488.623499999999979, 488.634799999998393
183, 488.430299999999988, 488.434799999998404
184, 488.230199999999968, 488.234799999998415
185, 488.036999999999978, 488.034799999998427
186, 487.836900000000014, 487.834799999998438
187, 487.629899999999964, 487.634799999998449
188, 487.4298, 487.434799999998461
189, 487.23660000000001, 487.234799999998472
190, 487.029600000000016, 487.034799999998484
191, 486.829499999999996, 486.834799999998495
192, 486.629399999999976, 486.634799999998506
193, 486.436199999999985, 486.434799999998518
194, 486.229199999999992, 486.234799999998529
195, 486.029099999999971, 486.03479999999854
196, 485.829000000000008, 485.834799999998552
197, 485.628899999999987, 485.634799999998563
198, 485.428799999999967, 485.434799999998575
199, 485.235599999999977, 485.234799999998586
200, 485.035500000000013, 485.034799999998597
201, 484.82850000000002, 484.834799999998609
202, 484.621499999999969, 484.63479999999862
203, 484.428299999999979, 484.434799999998631
204, 484.228200000000015, 484.234799999998643
205, 484.021199999999965, 484.034799999998654
206, 483.834900000000005, 483.834799999998665
207, 483.634799999999984, 483.634799999998677
208, 483.427799999999991, 483.434799999998688
209, 483.2346, 483.2347999999987
210, 483.027600000000007, 483.034799999998711
211, 482.827499999999986, 482.834799999998722
212, 482.620499999999993, 482.634799999998734
213, 482.427300000000002, 482.434799999998745
214, 482.234100000000012, 482.234799999998756
215, 482.020199999999988, 482.034799999998768
216, 481.826999999999998, 481.834799999998779
217, 481.626899999999978, 481.634799999998791
218, 481.426800000000014, 481.434799999998802
219, 481.226699999999994, 481.234799999998813
220, 481.033500000000004, 481.034799999998825
221, 480.833399999999983, 480.834799999998836
222, 480.62639999999999, 480.634799999998847
223, 480.426299999999969, 480.434799999998859
224, 480.226200000000006, 480.23479999999887
225, 480.026099999999985, 480.034799999998882
226, 479.819099999999992, 479.834799999998893
227, 479.632799999999975, 479.634799999998904
228, 479.432700000000011, 479.434799999998916
229, 479.225700000000018, 479.234799999998927
230, 479.025599999999997, 479.034799999998938
231, 478.825499999999977, 478.83479999999895
232, 478.625400000000013, 478.634799999998961
233, 478.425299999999993, 478.434799999998972
234, 478.225199999999973, 478.234799999998984
235, 478.031999999999982, 478.034799999998995
236, 477.818100000000015, 477.834799999999007
237, 477.624899999999968, 477.634799999999018
238, 477.424800000000005, 477.434799999999029
239, 477.224699999999984, 477.234799999999041
240, 477.024599999999964, 477.034799999999052
241, 476.831399999999974, 476.834799999999063
242, 476.645100000000014, 476.634799999999075
243, 476.43119999999999, 476.434799999999086
244, 476.231099999999969, 476.234799999999098
245, 476.031000000000006, 476.034799999999109
246, 475.830899999999986, 475.83479999999912
247, 475.623899999999992, 475.634799999999132
248, 475.430700000000002, 475.434799999999143
249, 475.244399999999985, 475.234799999999154
250, 475.030500000000018, 475.034799999999166
251, 474.837299999999971, 474.834799999999177
252, 474.630299999999977, 474.634799999999188
253, 474.430200000000013, 474.4347999999992
254, 474.230099999999993, 474.234799999999211
255, 474.029999999999973, 474.034799999999223
256, 473.836799999999982, 473.834799999999234
257, 473.629799999999989, 473.634799999999245
258, 473.429699999999968, 473.434799999999257
259, 473.229600000000005, 473.234799999999268
260, 473.022600000000011, 473.034799999999279
261, 472.843199999999968, 472.834799999999291
262, 472.622399999999971, 472.634799999999302
263, 472.442999999999984, 472.434799999999314
264, 472.222199999999987, 472.234799999999325
265, 472.03589999999997, 472.034799999999336
266, 471.822000000000003, 471.834799999999348
267, 471.628800000000012, 471.634799999999359
268, 471.428699999999992, 471.43479999999937
269, 471.228599999999972, 471.234799999999382
270, 471.035399999999981, 471.034799999999393
271, 470.835300000000018, 470.834799999999404
272, 470.628299999999967, 470.634799999999416
273, 470.428200000000004, 470.434799999999427
274, 470.228099999999984, 470.234799999999439
275, 470.02800000000002, 470.03479999999945
276, 469.8279, 469.834799999999461
277, 469.627799999999979, 469.634799999999473
278, 469.434599999999989, 469.434799999999484
279, 469.220699999999965, 469.234799999999495
280, 469.034400000000005, 469.034799999999507
281, 468.820499999999981, 468.834799999999518
282, 468.634199999999964, 468.63479999999953
283, 468.420299999999997, 468.434799999999541
284, 468.23399999999998, 468.234799999999552
285, 468.033900000000017, 468.034799999999564
286, 467.826899999999966, 467.834799999999575
287, 467.626800000000003, 467.634799999999586
288, 467.426699999999983, 467.434799999999598
289, 467.219699999999989, 467.234799999999609
290, 467.033399999999972, 467.03479999999962
291, 466.819500000000005, 466.834799999999632
292, 466.633199999999988, 466.634799999999643
293, 466.426199999999994, 466.434799999999655
294, 466.233000000000004, 466.234799999999666
295, 466.02600000000001, 466.034799999999677
296, 465.83280000000002, 465.834799999999689
297, 465.62579999999997, 465.6347999999997
298, 465.425700000000006, 465.434799999999711
299, 465.225599999999986, 465.234799999999723
300, 465.032399999999996, 465.034799999999734
301, 464.818499999999972, 464.834799999999746
302, 464.625299999999982, 464.634799999999757
303, 464.418299999999988, 464.434799999999768
304, 464.225099999999998, 464.23479999999978
305, 464.031900000000007, 464.034799999999791
306, 463.831799999999987, 463.834799999999802
307, 463.624799999999993, 463.634799999999814
308, 463.424699999999973, 463.434799999999825
309, 463.224600000000009, 463.234799999999836
310, 463.017600000000016, 463.034799999999848
311, 462.831299999999999, 462.834799999999859
312, 462.631199999999978, 462.634799999999871
313, 462.437999999999988, 462.434799999999882
314, 462.230999999999995, 462.234799999999893
315, 462.030899999999974, 462.034799999999905
316, 461.830800000000011, 461.834799999999916
317, 461.63760000000002, 461.634799999999927
318, 461.423699999999997, 461.434799999999939
319, 461.230500000000006, 461.23479999999995
320, 461.037300000000016, 461.034799999999962
321, 460.823399999999992, 460.834799999999973
322, 460.630200000000002, 460.634799999999984
323, 460.430099999999982, 460.434799999999996
324, 460.230000000000018, 460.234800000000007
325, 460.029899999999998, 460.034800000000018
326, 459.836700000000008, 459.83480000000003
327, 459.636599999999987, 459.634800000000041
328, 459.429599999999994, 459.434800000000052
329, 459.229499999999973, 459.234800000000064
330, 459.02940000000001, 459.034800000000075
331, 458.829299999999989, 458.834800000000087
332, 458.622299999999996, 458.634800000000098
333, 458.429100000000005, 458.434800000000109
334, 458.235900000000015, 458.234800000000121
335, 458.035799999999995, 458.034800000000132
336, 457.828800000000001, 457.834800000000143
337, 457.635600000000011, 457.634800000000155
338, 457.428600000000017, 457.434800000000166
339, 457.228499999999997, 457.234800000000178
340, 457.028399999999976, 457.034800000000189
341, 456.835199999999986, 456.8348000000002
342, 456.621300000000019, 456.634800000000212
343, 456.428099999999972, 456.434800000000223
344, 456.228000000000009, 456.234800000000234
345, 456.027899999999988, 456.034800000000246
346, 455.834699999999998, 455.834800000000257
347, 455.627700000000004, 455.634800000000268
348, 455.441399999999987, 455.43480000000028
349, 455.22750000000002, 455.234800000000291
350, 455.0274, 455.034800000000303
351, 454.82729999999998, 454.834800000000314
352, 454.627200000000016, 454.634800000000325
353, 454.420199999999966, 454.434800000000337
354, 454.226999999999975, 454.234800000000348
355, 454.033799999999985, 454.034800000000359
356, 453.826799999999992, 453.834800000000371
357, 453.626699999999971, 453.634800000000382
358, 453.426600000000008, 453.434800000000394
359, 453.240299999999991, 453.234800000000405
360, 453.019499999999994, 453.034800000000416
361, 452.826300000000003, 452.834800000000428
362, 452.633100000000013, 452.634800000000439
363, 452.419199999999989, 452.43480000000045
364, 452.225999999999999, 452.234800000000462
365, 452.025899999999979, 452.034800000000473
366, 451.825800000000015, 451.834800000000484
367, 451.625699999999995, 451.634800000000496
368, 451.425599999999974, 451.434800000000507
369, 451.239300000000014, 451.234800000000519
370, 451.025399999999991, 451.03480000000053
371, 450.82529999999997, 450.834800000000541
372, 450.625200000000007, 450.634800000000553
373, 450.425099999999986, 450.434800000000564
374, 450.218099999999993, 450.234800000000575
375, 450.017999999999972, 450.034800000000587
376, 449.831700000000012, 449.834800000000598
377, 449.624700000000018, 449.63480000000061
378, 449.424599999999998, 449.434800000000621
379, 449.224499999999978, 449.234800000000632
380, 449.038200000000018, 449.034800000000644
381, 448.831199999999967, 448.834800000000655
382, 448.624199999999973, 448.634800000000666
383, 448.430999999999983, 448.434800000000678
384, 448.237799999999993, 448.234800000000689
385, 448.030799999999999, 448.0348000000007
386, 447.830699999999979, 447.834800000000712
387, 447.630600000000015, 447.634800000000723
388, 447.430499999999995, 447.434800000000735
389, 447.230399999999975, 447.234800000000746
390, 447.037199999999984, 447.034800000000757
391, 446.837100000000021, 446.834800000000769
392, 446.63009999999997, 446.63480000000078
393, 446.430000000000007, 446.434800000000791
394, 446.229899999999986, 446.234800000000803
395, 446.029799999999966, 446.034800000000814
396, 445.815899999999999, 445.834800000000826
397, 445.643399999999986, 445.634800000000837
398, 445.429500000000019, 445.434800000000848
399, 445.236299999999972, 445.23480000000086
400, 445.029299999999978, 445.034800000000871
401, 444.829200000000014, 444.834800000000882
402, 444.635999999999967, 444.634800000000894
403, 444.4221, 444.434800000000905
404, 444.235799999999983, 444.234800000000916
405, 444.02879999999999, 444.034800000000928
406, 443.828699999999969, 443.834800000000939
407, 443.628600000000006, 443.634800000000951
408, 443.428499999999985, 443.434800000000962
409, 443.228399999999965, 443.234800000000973
410, 443.028300000000002, 443.034800000000985
411, 442.835100000000011, 442.834800000000996
412, 442.634999999999991, 442.634800000001007
413, 442.427999999999997, 442.434800000001019
414, 442.227899999999977, 442.23480000000103
415, 442.020899999999983, 442.034800000001042
416, 441.827699999999993, 441.834800000001053
417, 441.620699999999999, 441.634800000001064
418, 441.434399999999982, 441.434800000001076
419, 441.234300000000019, 441.234800000001087
420, 441.027299999999968, 441.034800000001098
421, 440.834099999999978, 440.83480000000111
422, 440.627099999999984, 440.634800000001121
423, 440.433899999999994, 440.434800000001133
424, 440.21999999999997, 440.234800000001144
425, 440.03370000000001, 440.034800000001155
426, 439.83359999999999, 439.834800000001167
427, 439.619699999999966, 439.634800000001178
428, 439.426499999999976, 439.434800000001189
429, 439.226400000000012, 439.234800000001201
430, 439.026299999999992, 439.034800000001212
431, 438.826199999999972, 438.834800000001223
432, 438.632999999999981, 438.634800000001235
433, 438.432900000000018, 438.434800000001246
434, 438.225899999999967, 438.234800000001258
435, 438.025800000000004, 438.034800000001269
436, 437.825699999999983, 437.83480000000128
437, 437.62560000000002, 437.634800000001292
438, 437.418599999999969, 437.434800000001303
439, 437.225399999999979, 437.234800000001314
440, 437.032199999999989, 437.034800000001326
441, 436.825199999999995, 436.834800000001337
442, 436.625099999999975, 436.634800000001349
443, 436.425000000000011, 436.43480000000136
444, 436.224899999999991, 436.234800000001371
445, 436.024799999999971, 436.034800000001383
446, 435.83159999999998, 435.834800000001394
447, 435.631500000000017, 435.634800000001405
448, 435.417599999999993, 435.434800000001417
449, 435.231299999999976, 435.234800000001428
450, 435.031200000000013, 435.034800000001439
451, 434.831099999999992, 434.834800000001451
452, 434.630999999999972, 434.634800000001462
453, 434.430900000000008, 434.434800000001474
454, 434.237700000000018, 434.234800000001485
455, 434.037599999999998, 434.034800000001496
456, 433.830600000000004, 433.834800000001508
457, 433.630499999999984, 433.634800000001519
458, 433.43040000000002, 433.43480000000153
459, 433.22339999999997, 433.234800000001542
460, 433.030199999999979, 433.034800000001553
461, 432.836999999999989, 432.834800000001565
462, 432.636899999999969, 432.634800000001576
463, 432.429899999999975, 432.434800000001587
464, 432.229800000000012, 432.234800000001599
465, 432.036599999999964, 432.03480000000161
466, 431.829599999999971, 431.834800000001621
467, 431.629500000000007, 431.634800000001633
468, 431.436300000000017, 431.434800000001644
469, 431.229299999999967, 431.234800000001655
470, 431.029200000000003, 431.034800000001667
471, 430.829099999999983, 430.834800000001678
472, 430.629000000000019, 430.63480000000169
473, 430.421999999999969, 430.434800000001701
474, 430.235700000000008, 430.234800000001712
475, 430.042500000000018, 430.034800000001724
476, 429.828599999999994, 429.834800000001735
477, 429.635400000000004, 429.634800000001746
478, 429.428400000000011, 429.434800000001758
479, 429.22829999999999, 429.234800000001769
480, 429.02819999999997, 429.034800000001781
481, 428.821199999999976, 428.834800000001792
482, 428.634900000000016, 428.634800000001803
483, 428.427899999999966, 428.434800000001815
484, 428.227800000000002, 428.234800000001826
485, 428.027699999999982, 428.034800000001837
486, 427.834499999999991, 427.834800000001849
487, 427.634399999999971, 427.63480000000186
488, 427.427399999999977, 427.434800000001871
489, 427.234199999999987, 427.234800000001883
490, 427.027199999999993, 427.034800000001894
491, 426.827099999999973, 426.834800000001906
492, 426.620099999999979, 426.634800000001917
493, 426.426899999999989, 426.434800000001928
494, 426.226799999999969, 426.23480000000194
495, 426.026700000000005, 426.034800000001951
496, 425.833500000000015, 425.834800000001962
497, 425.633399999999995, 425.634800000001974
498, 425.426400000000001, 425.434800000001985
499, 425.226299999999981, 425.234800000001997
500, 425.026200000000017, 425.034800000002008
501, 424.826099999999997, 424.834800000002019
502, 424.612199999999973, 424.634800000002031
503, 424.439700000000016, 424.434800000002042
504, 424.232699999999966, 424.234800000002053
505, 424.025699999999972, 424.034800000002065
506, 423.825600000000009, 423.834800000002076
507, 423.632400000000018, 423.634800000002087
508, 423.425399999999968, 423.434800000002099
509, 423.218399999999974, 423.23480000000211
510, 423.032100000000014, 423.034800000002122
511, 422.831999999999994, 422.834800000002133
512, 422.61809999999997, 422.634800000002144
513, 422.43180000000001, 422.434800000002156
514, 422.224800000000016, 422.234800000002167
515, 422.024699999999996, 422.034800000002178
516, 421.824599999999975, 421.83480000000219
517, 421.631399999999985, 421.634800000002201
518, 421.445099999999968, 421.434800000002213
519, 421.224299999999971, 421.234800000002224
520, 421.031099999999981, 421.034800000002235
521, 420.824099999999987, 420.834800000002247
522, 420.630899999999997, 420.634800000002258
523, 420.430799999999977, 420.434800000002269
524, 420.237599999999986, 420.234800000002281
525, 420.037499999999966, 420.034800000002292
526, 419.830499999999972, 419.834800000002303
527, 419.630400000000009, 419.634800000002315
528, 419.430299999999988, 419.434800000002326
529, 419.237099999999998, 419.234800000002338
530, 419.030100000000004, 419.034800000002349
531, 418.829999999999984, 418.83480000000236
532, 418.636799999999994, 418.634800000002372
533, 418.42289999999997, 418.434800000002383
534, 418.22969999999998, 418.234800000002394
535, 418.022699999999986, 418.034800000002406
536, 417.829499999999996, 417.834800000002417
537, 417.629399999999976, 417.634800000002429
538, 417.443100000000015, 417.43480000000244
539, 417.236099999999965, 417.234800000002451
540, 417.029099999999971, 417.034800000002463
541, 416.829000000000008, 416.834800000002474
542, 416.628899999999987, 416.634800000002485
543, 416.428799999999967, 416.434800000002497
544, 416.221799999999973, 416.234800000002508
545, 416.035500000000013, 416.034800000002519
546, 415.835399999999993, 415.834800000002531
547, 415.628399999999999, 415.634800000002542
548, 415.435200000000009, 415.434800000002554
549, 415.235099999999989, 415.234800000002565
550, 415.028099999999995, 415.034800000002576
551, 414.827999999999975, 414.834800000002588
552, 414.627900000000011, 414.634800000002599
553, 414.434700000000021, 414.43480000000261
554, 414.220799999999997, 414.234800000002622
555, 414.027600000000007, 414.034800000002633
556, 413.820600000000013, 413.834800000002645
557, 413.627399999999966, 413.634800000002656
558, 413.427300000000002, 413.434800000002667
559, 413.234100000000012, 413.234800000002679
560, 413.033999999999992, 413.03480000000269
561, 412.826999999999998, 412.834800000002701
562, 412.626899999999978, 412.634800000002713
563, 412.426800000000014, 412.434800000002724
564, 412.226699999999994, 412.234800000002735
565, 412.0197, 412.034800000002747
566, 411.82650000000001, 411.834800000002758
567, 411.63330000000002, 411.63480000000277
568, 411.426299999999969, 411.434800000002781
569, 411.233099999999979, 411.234800000002792
570, 411.026099999999985, 411.034800000002804
571, 410.832899999999995, 410.834800000002815
572, 410.625900000000001, 410.634800000002826
573, 410.425799999999981, 410.434800000002838
574, 410.232599999999991, 410.234800000002849
575, 410.018699999999967, 410.034800000002861
576, 409.825499999999977, 409.834800000002872
577, 409.625400000000013, 409.634800000002883
578, 409.425299999999993, 409.434800000002895
579, 409.225199999999973, 409.234800000002906
580, 409.025100000000009, 409.034800000002917
581, 408.838799999999992, 408.834800000002929
582, 408.631799999999998, 408.63480000000294
583, 408.417899999999975, 408.434800000002951
584, 408.224699999999984, 408.234800000002963
585, 408.024600000000021, 408.034800000002974
586, 407.81759999999997, 407.834800000002986
587, 407.62439999999998, 407.634800000002997
588, 407.43810000000002, 407.434800000003008
589, 407.238, 407.23480000000302
590, 407.031000000000006, 407.034800000003031
591, 406.837800000000016, 406.834800000003042
592, 406.630799999999965, 406.634800000003054
593, 406.437599999999975, 406.434800000003065
594, 406.223700000000008, 406.234800000003077
595, 406.030500000000018, 406.034800000003088
596, 405.837299999999971, 405.834800000003099
597, 405.630299999999977, 405.634800000003111
598, 405.430200000000013, 405.434800000003122
599, 405.22320000000002, 405.234800000003133
600, 405.029999999999973, 405.034800000003145
601, 404.829900000000009, 404.834800000003156
602, 404.643599999999992, 404.634800000003167
603, 404.436599999999999, 404.434800000003179
604, 404.229600000000005, 404.23480000000319
605, 404.029499999999985, 404.034800000003202
606, 403.822499999999991, 403.834800000003213
607, 403.629300000000001, 403.634800000003224
608, 403.422300000000007, 403.434800000003236
609, 403.23599999999999, 403.234800000003247
610, 403.03589999999997, 403.034800000003258
611, 402.828899999999976, 402.83480000000327
612, 402.628800000000012, 402.634800000003281
613, 402.428699999999992, 402.434800000003293
614, 402.228599999999972, 402.234800000003304
615, 402.028500000000008, 402.034800000003315
616, 401.828399999999988, 401.834800000003327
617, 401.635199999999998, 401.634800000003338
618, 401.428200000000004, 401.434800000003349
619, 401.228099999999984, 401.234800000003361
620, 401.02800000000002, 401.034800000003372
621, 400.8279, 400.834800000003384
622, 400.620900000000006, 400.634800000003395
623, 400.434599999999989, 400.434800000003406
624, 400.234499999999969, 400.234800000003418
625, 400.027499999999975, 400.034800000003429
626, 399.827400000000011, 399.83480000000344
627, 399.627299999999991, 399.634800000003452
628, 399.427199999999971, 399.434800000003463
629, 399.220199999999977, 399.234800000003474
630, 399.033900000000017, 399.034800000003486
631, 398.833799999999997, 398.834800000003497
632, 398.626800000000003, 398.634800000003509
633, 398.433600000000013, 398.43480000000352
634, 398.226600000000019, 398.234800000003531
635, 398.033399999999972, 398.034800000003543
636, 397.819500000000005, 397.834800000003554
637, 397.626300000000015, 397.634800000003565
638, 397.426199999999994, 397.434800000003577
639, 397.226099999999974, 397.234800000003588
640, 397.02600000000001, 397.0348000000036
641, 396.83280000000002, 396.834800000003611
642, 396.62579999999997, 396.634800000003622
643, 396.432599999999979, 396.434800000003634
644, 396.232500000000016, 396.234800000003645
645, 396.039299999999969, 396.034800000003656
646, 395.818499999999972, 395.834800000003668
647, 395.625299999999982, 395.634800000003679
648, 395.425200000000018, 395.43480000000369
649, 395.225099999999998, 395.234800000003702
650, 395.018100000000004, 395.034800000003713
651, 394.824900000000014, 394.834800000003725
652, 394.631699999999967, 394.634800000003736
653, 394.424699999999973, 394.434800000003747
654, 394.231499999999983, 394.234800000003759
655, 394.024499999999989, 394.03480000000377
656, 393.838199999999972, 393.834800000003781
657, 393.638100000000009, 393.634800000003793
658, 393.424199999999985, 393.434800000003804
659, 393.244799999999998, 393.234800000003816
660, 393.024000000000001, 393.034800000003827
661, 392.823899999999981, 392.834800000003838
662, 392.623800000000017, 392.63480000000385
663, 392.43059999999997, 392.434800000003861
664, 392.230500000000006, 392.234800000003872
665, 392.037300000000016, 392.034800000003884
666, 391.837199999999996, 391.834800000003895
667, 391.630200000000002, 391.634800000003906
668, 391.430099999999982, 391.434800000003918
669, 391.230000000000018, 391.234800000003929
670, 391.022999999999968, 391.034800000003941
671, 390.822900000000004, 390.834800000003952
672, 390.629700000000014, 390.634800000003963
673, 390.436499999999967, 390.434800000003975
674, 390.236400000000003, 390.234800000003986
675, 390.02940000000001, 390.034800000003997
676, 389.829299999999989, 389.834800000004009
677, 389.636099999999999, 389.63480000000402
678, 389.429100000000005, 389.434800000004032
679, 389.228999999999985, 389.234800000004043
680, 389.035799999999995, 389.034800000004054
681, 388.821899999999971, 388.834800000004066
682, 388.628699999999981, 388.634800000004077
683, 388.428600000000017, 388.434800000004088
684, 388.228499999999997, 388.2348000000041
685, 388.014599999999973, 388.034800000004111
686, 387.842100000000016, 387.834800000004122
687, 387.635099999999966, 387.634800000004134
688, 387.435000000000002, 387.434800000004145
689, 387.221099999999979, 387.234800000004157
690, 387.027899999999988, 387.034800000004168
691, 386.820899999999995, 386.834800000004179
692, 386.627700000000004, 386.634800000004191
693, 386.427599999999984, 386.434800000004202
694, 386.241299999999967, 386.234800000004213
695, 386.0274, 386.034800000004225
696, 385.83420000000001, 385.834800000004236
697, 385.620299999999986, 385.634800000004248
698, 385.433999999999969, 385.434800000004259
699, 385.220100000000002, 385.23480000000427
700, 385.026900000000012, 385.034800000004282
701, 384.833700000000022, 384.834800000004293
702, 384.626699999999971, 384.634800000004304
703, 384.426600000000008, 384.434800000004316
704, 384.226499999999987, 384.234800000004327
705, 384.026399999999967, 384.034800000004338
706, 383.833199999999977, 383.83480000000435
707, 383.61930000000001, 383.634800000004361
708, 383.432999999999993, 383.434800000004373
709, 383.232899999999972, 383.234800000004384
710, 383.025899999999979, 383.034800000004395
711, 382.825800000000015, 382.834800000004407
712, 382.625699999999995, 382.634800000004418
713, 382.418700000000001, 382.434800000004429
714, 382.218599999999981, 382.234800000004441
715, 382.032300000000021, 382.034800000004452
716, 381.8322, 381.834800000004464
717, 381.625200000000007, 381.634800000004475
718, 381.425099999999986, 381.434800000004486
719, 381.224999999999966, 381.234800000004498
720, 381.024900000000002, 381.034800000004509
721, 380.824799999999982, 380.83480000000452
722, 380.624700000000018, 380.634800000004532
723, 380.431499999999971, 380.434800000004543
724, 380.224499999999978, 380.234800000004554
725, 380.031299999999987, 380.034800000004566
726, 379.831199999999967, 379.834800000004577
727, 379.631100000000004, 379.634800000004589
728, 379.42410000000001, 379.4348000000046
729, 379.244699999999966, 379.234800000004611
730, 379.037699999999973, 379.034800000004623
731, 378.830699999999979, 378.834800000004634
732, 378.630600000000015, 378.634800000004645
733, 378.423600000000022, 378.434800000004657
734, 378.223500000000001, 378.234800000004668
735, 378.023399999999981, 378.03480000000468
736, 377.837100000000021, 377.834800000004691
737, 377.637, 377.634800000004702
738, 377.430000000000007, 377.434800000004714
739, 377.229899999999986, 377.234800000004725
740, 377.029799999999966, 377.034800000004736
741, 376.829700000000003, 376.834800000004748
742, 376.622700000000009, 376.634800000004759
743, 376.429500000000019, 376.43480000000477
744, 376.236299999999972, 376.234800000004782
745, 376.029299999999978, 376.034800000004793
746, 375.829200000000014, 375.834800000004805
747, 375.629099999999994, 375.634800000004816
748, 375.428999999999974, 375.434800000004827
749, 375.22890000000001, 375.234800000004839
750, 375.03570000000002, 375.03480000000485
751, 374.835599999999999, 374.834800000004861
752, 374.628600000000006, 374.634800000004873
753, 374.435400000000016, 374.434800000004884
754, 374.228400000000022, 374.234800000004896
755, 374.028300000000002, 374.034800000004907
756, 373.821300000000008, 373.834800000004918
757, 373.628100000000018, 373.63480000000493
758, 373.434899999999971, 373.434800000004941
759, 373.227899999999977, 373.234800000004952
760, 373.034699999999987, 373.034800000004964
761, 372.827699999999993, 372.834800000004975
762, 372.634500000000003, 372.634800000004986
763, 372.420599999999979, 372.434800000004998
764, 372.227399999999989, 372.234800000005009
765, 372.041099999999972, 372.034800000005021
766, 371.820299999999975, 371.834800000005032
767, 371.627099999999984, 371.634800000005043
768, 371.420099999999991, 371.434800000005055
769, 371.226900000000001, 371.234800000005066
770, 371.02679999999998, 371.034800000005077
771, 370.83359999999999, 370.834800000005089
772, 370.63349999999997, 370.6348000000051
773, 370.426499999999976, 370.434800000005112
774, 370.233299999999986, 370.234800000005123
775, 370.026299999999992, 370.034800000005134
776, 369.819299999999998, 369.834800000005146
777, 369.619199999999978, 369.634800000005157
778, 369.432900000000018, 369.434800000005168
779, 369.232799999999997, 369.23480000000518
780, 369.025800000000004, 369.034800000005191
781, 368.832600000000014, 368.834800000005202
782, 368.62560000000002, 368.634800000005214
783, 368.439300000000003, 368.434800000005225
784, 368.218500000000006, 368.234800000005237
785, 368.025300000000016, 368.034800000005248
786, 367.832099999999969, 367.834800000005259
787, 367.618200000000002, 367.634800000005271
788, 367.425000000000011, 367.434800000005282
789, 367.224899999999991, 367.234800000005293
790, 367.024799999999971, 367.034800000005305
791, 366.824700000000007, 366.834800000005316
792, 366.624599999999987, 366.634800000005328
793, 366.431399999999996, 366.434800000005339
794, 366.231299999999976, 366.23480000000535
795, 366.031200000000013, 366.034800000005362
796, 365.831099999999992, 365.834800000005373
797, 365.630999999999972, 365.634800000005384
798, 365.430900000000008, 365.434800000005396
799, 365.230799999999988, 365.234800000005407
800, 365.037599999999998, 365.034800000005418
801, 364.830600000000004, 364.83480000000543
802, 364.644299999999987, 364.634800000005441
803, 364.43040000000002, 364.434800000005453
804, 364.2303, 364.234800000005464
805, 364.030199999999979, 364.034800000005475
806, 363.823199999999986, 363.834800000005487
807, 363.629999999999995, 363.634800000005498
808, 363.429899999999975, 363.434800000005509
809, 363.229800000000012, 363.234800000005521
810, 363.029699999999991, 363.034800000005532
811, 362.822699999999998, 362.834800000005544
812, 362.643300000000011, 362.634800000005555
813, 362.422500000000014, 362.434800000005566
814, 362.236199999999997, 362.234800000005578
815, 362.036099999999976, 362.034800000005589
816, 361.829099999999983, 361.8348000000056
817, 361.629000000000019, 361.634800000005612
818, 361.428899999999999, 361.434800000005623
819, 361.221900000000005, 361.234800000005635
820, 361.021799999999985, 361.034800000005646
821, 360.828599999999994, 360.834800000005657
822, 360.642299999999977, 360.634800000005669
823, 360.428400000000011, 360.43480000000568
824, 360.22829999999999, 360.234800000005691
825, 360.02819999999997, 360.034800000005703
826, 359.828100000000006, 359.834800000005714
827, 359.627999999999986, 359.634800000005725
828, 359.434799999999996, 359.434800000005737
829, 359.234699999999975, 359.234800000005748
830, 359.020800000000008, 359.03480000000576
831, 358.827600000000018, 358.834800000005771
832, 358.627499999999998, 358.634800000005782
833, 358.427399999999977, 358.434800000005794
834, 358.227300000000014, 358.234800000005805
835, 358.034099999999967, 358.034800000005816
836, 357.834000000000003, 357.834800000005828
837, 357.62700000000001, 357.634800000005839
838, 357.426899999999989, 357.434800000005851
839, 357.226799999999969, 357.234800000005862
840, 357.019799999999975, 357.034800000005873
841, 356.826599999999985, 356.834800000005885
842, 356.626500000000021, 356.634800000005896
843, 356.433299999999974, 356.434800000005907
844, 356.219400000000007, 356.234800000005919
845, 356.03309999999999, 356.03480000000593
846, 355.826099999999997, 355.834800000005941
847, 355.632900000000006, 355.634800000005953
848, 355.418999999999983, 355.434800000005964
849, 355.232699999999966, 355.234800000005976
850, 355.025699999999972, 355.034800000005987
851, 354.825600000000009, 354.834800000005998
852, 354.632400000000018, 354.63480000000601
853, 354.425399999999968, 354.434800000006021
854, 354.225300000000004, 354.234800000006032
855, 354.018300000000011, 354.034800000006044
856, 353.831999999999994, 353.834800000006055
857, 353.638800000000003, 353.634800000006067
858, 353.42489999999998, 353.434800000006078
859, 353.224800000000016, 353.234800000006089
860, 353.024699999999996, 353.034800000006101
861, 352.824599999999975, 352.834800000006112
862, 352.617599999999982, 352.634800000006123
863, 352.431300000000022, 352.434800000006135
864, 352.238099999999974, 352.234800000006146
865, 352.031099999999981, 352.034800000006157
866, 351.837899999999991, 351.834800000006169
867, 351.630899999999997, 351.63480000000618
868, 351.430799999999977, 351.434800000006192
869, 351.230700000000013, 351.234800000006203
870, 351.030599999999993, 351.034800000006214
871, 350.837400000000002, 350.834800000006226
872, 350.623499999999979, 350.634800000006237
873, 350.430299999999988, 350.434800000006248
874, 350.230199999999968, 350.23480000000626
875, 350.030100000000004, 350.034800000006271
876, 349.829999999999984, 349.834800000006283
877, 349.636799999999994, 349.634800000006294
878, 349.436699999999973, 349.434800000006305
879, 349.23660000000001, 349.234800000006317
880, 349.022699999999986, 349.034800000006328
881, 348.829499999999996, 348.834800000006339
882, 348.629399999999976, 348.634800000006351
883, 348.422399999999982, 348.434800000006362
884, 348.229199999999992, 348.234800000006373
885, 348.036000000000001, 348.034800000006385
886, 347.835899999999981, 347.834800000006396
887, 347.628899999999987, 347.634800000006408
888, 347.428799999999967, 347.434800000006419
889, 347.235599999999977, 347.23480000000643
890, 347.02170000000001, 347.034800000006442
891, 346.835399999999993, 346.834800000006453
892, 346.628399999999999, 346.634800000006464
893, 346.428299999999979, 346.434800000006476
894, 346.228200000000015, 346.234800000006487
895, 346.028099999999995, 346.034800000006499
896, 345.827999999999975, 345.83480000000651
897, 345.627900000000011, 345.634800000006521
898, 345.434700000000021, 345.434800000006533
899, 345.248400000000004, 345.234800000006544
900, 345.020699999999977, 345.034800000006555
901, 344.834400000000016, 344.834800000006567
902, 344.620499999999993, 344.634800000006578
903, 344.427300000000002, 344.434800000006589
904, 344.220300000000009, 344.234800000006601
905, 344.027100000000019, 344.034800000006612
906, 343.833899999999971, 343.834800000006624
907, 343.626899999999978, 343.634800000006635
908, 343.433699999999988, 343.434800000006646
909, 343.219800000000021, 343.234800000006658
910, 343.033500000000004, 343.034800000006669
911, 342.82650000000001, 342.83480000000668
912, 342.62639999999999, 342.634800000006692
913, 342.433199999999999, 342.434800000006703
914, 342.226200000000006, 342.234800000006715
915, 342.026099999999985, 342.034800000006726
916, 341.826000000000022, 341.834800000006737
917, 341.625900000000001, 341.634800000006749
918, 341.432700000000011, 341.43480000000676
919, 341.218799999999987, 341.234800000006771
920, 341.03249999999997, 341.034800000006783
921, 340.825499999999977, 340.834800000006794
922, 340.625400000000013, 340.634800000006805
923, 340.432199999999966, 340.434800000006817
924, 340.225199999999973, 340.234800000006828
925, 340.025100000000009, 340.03480000000684
926, 339.818100000000015, 339.834800000006851
927, 339.624899999999968, 339.634800000006862
928, 339.431699999999978, 339.434800000006874
929, 339.224699999999984, 339.234800000006885
930, 339.024600000000021, 339.034800000006896
931, 338.831399999999974, 338.834800000006908
932, 338.63130000000001, 338.634800000006919
933, 338.424300000000017, 338.434800000006931
934, 338.238, 338.234800000006942
935, 338.037899999999979, 338.034800000006953
936, 337.824000000000012, 337.834800000006965
937, 337.630800000000022, 337.634800000006976
938, 337.430700000000002, 337.434800000006987
939, 337.230599999999981, 337.234800000006999
940, 337.030500000000018, 337.03480000000701
941, 336.837299999999971, 336.834800000007021
942, 336.637200000000007, 336.634800000007033
943, 336.430200000000013, 336.434800000007044
944, 336.230099999999993, 336.234800000007056
945, 336.023099999999999, 336.034800000007067
946, 335.822999999999979, 335.834800000007078
947, 335.629799999999989, 335.63480000000709
948, 335.429699999999968, 335.434800000007101
949, 335.236499999999978, 335.234800000007112
950, 335.029499999999985, 335.034800000007124
951, 334.829400000000021, 334.834800000007135
952, 334.636199999999974, 334.634800000007147
953, 334.42919999999998, 334.434800000007158
954, 334.23599999999999, 334.234800000007169
955, 334.028999999999996, 334.034800000007181
956, 333.828899999999976, 333.834800000007192
957, 333.628800000000012, 333.634800000007203
958, 333.421800000000019, 333.434800000007215
959, 333.228599999999972, 333.234800000007226
960, 333.028500000000008, 333.034800000007237
961, 332.828399999999988, 332.834800000007249
962, 332.635199999999998, 332.63480000000726
963, 332.435099999999977, 332.434800000007272
964, 332.228099999999984, 332.234800000007283
965, 332.02800000000002, 332.034800000007294
966, 331.834799999999973, 331.834800000007306
967, 331.627799999999979, 331.634800000007317
968, 331.413900000000012, 331.434800000007328
969, 331.227599999999995, 331.23480000000734
970, 331.034400000000005, 331.034800000007351
971, 330.827400000000011, 330.834800000007363
972, 330.627299999999991, 330.634800000007374
973, 330.434100000000001, 330.434800000007385
974, 330.23399999999998, 330.234800000007397
975, 330.020100000000014, 330.034800000007408
976, 329.826899999999966, 329.834800000007419
977, 329.633699999999976, 329.634800000007431
978, 329.426699999999983, 329.434800000007442
979, 329.212800000000016, 329.234800000007453
980, 329.026499999999999, 329.034800000007465
981, 328.826399999999978, 328.834800000007476
982, 328.626300000000015, 328.634800000007488
983, 328.433099999999968, 328.434800000007499
984, 328.246800000000007, 328.23480000000751
985, 328.01909999999998, 328.034800000007522
986, 327.839699999999993, 327.834800000007533
987, 327.618899999999996, 327.634800000007544
988, 327.425700000000006, 327.434800000007556
989, 327.211799999999982, 327.234800000007567
990, 327.025500000000022, 327.034800000007579
991, 326.832299999999975, 326.83480000000759
992, 326.625299999999982, 326.634800000007601
993, 326.425200000000018, 326.434800000007613
994, 326.225099999999998, 326.234800000007624
995, 326.024999999999977, 326.034800000007635
996, 325.824900000000014, 325.834800000007647
997, 325.624799999999993, 325.634800000007658
998, 325.438499999999976, 325.434800000007669
999, 325.217699999999979, 325.234800000007681
1000, 325.024499999999989, 325.034800000007692
