0.00297, 94.6594, 10.079, 80, 256
0.00627, 94.6534, 8.65285, 81, 215
0.00957, 94.901, 9.28463, 80, 197
0.01287, 95.0172, 9.22101, 80, 221
0.01617, 94.7237, 9.29201, 80, 237
0.01947, 95.176, 10.049, 79, 230
0.02277, 94.3904, 9.39314, 80, 289
0.02607, 95.2174, 9.06836, 78, 184
0.02937, 95.3857, 9.34632, 77, 179
0.03267, 94.625, 9.34126, 79, 218
0.03597, 95.2823, 9.42424, 81, 180
0.03927, 95.019, 9.82446, 81, 211
0.04257, 95.1896, 9.61068, 80, 202
0.04587, 94.7594, 9.23308, 80, 202
0.04917, 94.8625, 9.43907, 81, 190
0.05247, 94.7339, 9.01985, 79, 183
0.05577, 94.9682, 9.62003, 81, 214
0.05907, 95.1445, 9.34904, 80, 191
0.06237, 94.8406, 10.0655, 80, 203
0.06567, 94.863, 9.0386, 81, 195
0.06897, 94.4195, 8.19068, 79, 172
0.07227, 95.1823, 9.70264, 78, 238
0.07557, 94.9992, 8.94686, 79, 205
0.07887, 95.4208, 9.40662, 80, 192
0.08217, 94.5581, 9.0618, 80, 174
0.08547, 94.3289, 8.44029, 80, 167
0.08877, 94.5648, 9.49096, 78, 195
0.09207, 94.5167, 9.55279, 79, 217
0.09537, 94.7771, 9.41206, 80, 188
0.09867, 94.9706, 9.79874, 80, 215
0.10197, 94.8375, 8.9982, 79, 195
0.10527, 94.9068, 9.37987, 80, 173
0.10857, 95.3112, 10.2346, 78, 240
0.11187, 94.4693, 8.7048, 80, 190
0.11517, 95.0781, 9.01234, 78, 187
0.11847, 95.2003, 9.23514, 79, 184
0.12177, 95.0737, 9.12683, 79, 177
0.12507, 94.6185, 9.33729, 78, 251
0.12837, 95.151, 8.73357, 79, 201
0.13167, 94.8242, 8.98958, 80, 184
0.13497, 94.7349, 9.38403, 77, 208
0.13827, 94.2701, 9.06996, 78, 202
0.14157, 95.0575, 9.26906, 78, 203
0.14487, 95.0135, 8.97711, 78, 187
0.14817, 94.6599, 8.75756, 78, 177
0.15147, 95.1039, 9.27113, 79, 182
0.15477, 94.7245, 9.05893, 79, 193
0.15807, 94.8503, 9.40883, 80, 264
0.16137, 95.3766, 10.1899, 78, 214
0.16467, 94.7023, 8.89453, 80, 245
0.16797, 94.8755, 8.84583, 79, 192
0.17127, 95.2148, 9.27321, 81, 178
0.17457, 95.1193, 9.42915, 80, 196
0.17787, 95.5872, 9.82443, 81, 222
0.18117, 94.8898, 9.25412, 80, 186
0.18447, 95.1081, 9.18992, 79, 189
0.18777, 94.0479, 9.42044, 79, 191
0.19107, 95.175, 8.88159, 78, 185
0.19437, 94.7349, 8.78172, 80, 172
0.19767, 94.3865, 8.78605, 80, 214
0.20097, 95.1182, 9.05677, 81, 214
0.20427, 94.7794, 9.65035, 79, 281
0.20757, 94.8172, 9.89341, 77, 218
0.21087, 94.7159, 9.34165, 79, 220
0.21417, 94.5641, 9.023, 77, 184
0.21747, 94.9685, 9.15398, 79, 188
0.22077, 94.7474, 8.21562, 80, 194
0.22407, 95.0271, 9.25235, 76, 178
0.22737, 94.0542, 9.78184, 78, 201
0.23067, 94.8141, 9.42426, 77, 186
0.23397, 94.3562, 8.74871, 78, 197
0.23727, 93.894, 9.04731, 78, 231
0.24057, 94.4497, 8.81395, 79, 184
0.24387, 94.3844, 9.27411, 79, 204
0.24717, 94.8599, 9.07565, 78, 185
0.25047, 94.9747, 9.32166, 80, 189
0.25377, 94.8857, 8.71247, 79, 183
0.25707, 94.9609, 8.64739, 78, 180
0.26037, 94.437, 9.21055, 79, 212
0.26367, 94.8805, 9.28868, 80, 211
0.26697, 94.7195, 9.22035, 77, 186
0.27027, 95.2221, 9.10814, 80, 185
0.27357, 95.2674, 8.94316, 78, 188
0.27687, 95.5359, 9.36489, 80, 189
0.28017, 95.0544, 9.34225, 79, 207
0.28347, 95.3232, 9.5813, 81, 195
0.28677, 95.0786, 9.61678, 80, 238
0.29007, 94.9419, 9.87915, 81, 208
0.29337, 95.1742, 9.39971, 79, 185
0.29667, 95.7453, 9.30386, 82, 207
0.29997, 95.949, 9.66819, 81, 186
0.30327, 94.9909, 8.89658, 81, 180
0.30657, 95.3768, 9.13675, 78, 221
0.30987, 95.1474, 9.55352, 79, 238
0.31317, 95.4122, 9.35432, 81, 185
0.31647, 94.7221, 9.06469, 81, 191
0.31977, 95.1169, 9.0101, 80, 197
0.32307, 94.8495, 9.24271, 79, 197
0.32637, 94.8974, 8.96387, 80, 196
0.32967, 95.2195, 9.18589, 79, 198
0.33297, 95.0893, 8.75881, 81, 192
0.33627, 95.2539, 9.11051, 79, 236
0.33957, 94.9773, 9.042, 80, 212
0.34287, 95.4526, 9.04242, 80, 202
0.34617, 95.2229, 9.17403, 80, 185
0.34947, 95.1844, 9.24165, 78, 213
0.35277, 95.4214, 9.69219, 80, 187
0.35607, 94.9797, 9.54596, 80, 196
0.35937, 95.7414, 9.11012, 81, 215
0.36267, 95.2185, 9.39125, 81, 187
0.36597, 95.0914, 9.40958, 78, 200
0.36927, 95.0927, 9.33143, 81, 219
0.37257, 94.8945, 9.23688, 80, 182
0.37587, 94.8766, 9.09075, 75, 199
0.37917, 94.8732, 9.34177, 80, 201
0.38247, 94.6727, 8.54015, 80, 165
0.38577, 94.9122, 8.74263, 80, 206
0.38907, 94.9797, 9.03148, 80, 206
0.39237, 94.9341, 9.36462, 78, 208
0.39567, 94.3122, 8.90981, 80, 220
0.39897, 94.4466, 8.71902, 76, 201
0.40227, 94.8859, 9.52, 80, 190
0.40557, 95.0732, 9.22664, 79, 179
0.40887, 93.8505, 9.14481, 79, 193
0.41217, 94.9747, 9.89678, 77, 214
0.41547, 94.4737, 9.41368, 77, 218
0.41877, 94.968, 9.51524, 79, 194
0.42207, 94.3953, 9.00181, 78, 226
0.42537, 95.7016, 10.2491, 80, 265
0.42867, 94.7755, 9.31113, 78, 183
0.43197, 94.3734, 9.49389, 75, 199
0.43527, 94.9716, 8.95194, 80, 218
0.43857, 94.6917, 9.04164, 78, 225
0.44187, 94.7193, 9.15152, 80, 183
0.44517, 95.0211, 9.84925, 80, 222
0.44847, 95.1458, 9.96642, 79, 226
0.45177, 94.4141, 9.01652, 78, 181
0.45507, 95.5128, 10.1126, 79, 194
0.45837, 95.0271, 9.63411, 79, 189
0.46167, 95.4307, 9.67962, 80, 216
0.46497, 94.924, 8.96175, 80, 193
0.46827, 94.418, 8.56766, 77, 169
0.47157, 94.9133, 9.66737, 80, 227
0.47487, 94.563, 8.78256, 79, 208
0.47817, 94.9141, 9.0251, 79, 177
0.48147, 94.7188, 8.97503, 81, 237
0.48477, 95.2703, 9.14198, 80, 170
0.48807, 95.1292, 9.41559, 80, 197
0.49137, 94.7914, 9.06914, 80, 236
0.49467, 94.9711, 9.07172, 80, 204
0.49797, 94.8482, 9.1193, 80, 179
0.50127, 94.9156, 9.42804, 78, 195
0.50457, 94.518, 9.18408, 79, 208
0.50787, 94.9385, 9.86126, 80, 200
0.51117, 94.843, 9.15434, 80, 236
0.51447, 94.3917, 9.07322, 79, 188
0.51777, 95.0654, 9.43816, 80, 222
0.52107, 94.8297, 8.88086, 79, 185
0.52437, 94.9154, 8.59433, 79, 201
0.52767, 94.8969, 9.4588, 77, 193
0.53097, 95.1458, 9.36725, 79, 185
0.53427, 95.3313, 9.08572, 78, 208
0.53757, 94.8615, 9.45146, 77, 206
0.54087, 95.3302, 9.23369, 79, 212
0.54417, 95.3427, 8.6303, 80, 188
0.54747, 95.2169, 8.78775, 81, 187
0.55077, 95.1458, 9.05602, 80, 220
0.55407, 94.7732, 8.88086, 78, 185
0.55737, 95.4966, 9.14664, 79, 206
0.56067, 95.6641, 9.59995, 76, 190
0.56397, 95.5042, 9.19364, 79, 183
0.56727, 94.6279, 9.28059, 78, 180
0.57057, 95.1255, 9.55492, 78, 210
0.57387, 94.7292, 8.96845, 77, 220
0.57717, 95.2211, 9.16359, 80, 196
0.58047, 95.3661, 9.11461, 80, 189
0.58377, 94.9318, 9.03298, 79, 187
0.58707, 94.9062, 9.08124, 79, 175
0.59037, 95.6083, 9.92458, 80, 220
0.59367, 95.199, 9.89515, 77, 286
0.59697, 94.745, 9.38667, 80, 200
0.60027, 94.8401, 9.10083, 79, 199
0.60357, 95.3656, 8.66912, 79, 189
0.60687, 94.7758, 8.68086, 78, 168
0.61017, 95.274, 9.37216, 79, 190
0.61347, 95.2729, 9.64034, 80, 206
0.61677, 95.062, 9.28674, 77, 182
0.62007, 95.0635, 9.89247, 78, 217
0.62337, 95.0646, 9.3666, 78, 206
0.62667, 94.8591, 9.03395, 80, 200
0.62997, 95.118, 8.87781, 79, 197
0.63327, 95.0534, 8.73176, 80, 200
0.63657, 95.1771, 9.71562, 78, 207
0.63987, 95.5346, 9.57476, 82, 202
0.64317, 95.1312, 9.70298, 79, 210
0.64647, 95.0039, 8.41769, 74, 168
0.64977, 95.2443, 9.96486, 79, 183
0.65307, 95.25, 9.45633, 80, 215
0.65637, 94.8591, 9.38802, 78, 198
0.65967, 95.1935, 8.36424, 81, 183
