# number, position 1[micrometer], ideal position 1 [micrometer] 
0, 4373.97900000000027, 4373.97900000000027
1, 4373.90999999999985, 4373.77900000000045
2, 4373.59259999999995, 4373.57900000000063
3, 4373.40629999999965, 4373.37900000000081
4, 4373.17860000000019, 4373.179000000001
5, 4372.98539999999957, 4372.97900000000118
6, 4372.76459999999952, 4372.77900000000136
7, 4372.57830000000013, 4372.57900000000154
8, 4372.37820000000011, 4372.37900000000172
9, 4372.17119999999977, 4372.17900000000191
10, 4371.97109999999975, 4371.97900000000209
11, 4371.77099999999973, 4371.77900000000227
12, 4371.57089999999971, 4371.57900000000245
13, 4371.37079999999969, 4371.37900000000263
14, 4371.17759999999998, 4371.17900000000282
15, 4370.97749999999996, 4370.979000000003
16, 4370.77049999999963, 4370.77900000000318
17, 4370.57039999999961, 4370.57900000000336
18, 4370.37029999999959, 4370.37900000000354
19, 4370.16330000000016, 4370.17900000000373
20, 4369.96320000000014, 4369.97900000000391
21, 4369.77689999999984, 4369.77900000000409
22, 4369.57679999999982, 4369.57900000000427
23, 4369.36979999999949, 4369.37900000000445
24, 4369.16970000000038, 4369.17900000000463
25, 4368.97649999999976, 4368.97900000000482
26, 4368.76950000000033, 4368.779000000005
27, 4368.56940000000031, 4368.57900000000518
28, 4368.36930000000029, 4368.37900000000536
29, 4368.17609999999968, 4368.17900000000554
30, 4367.96910000000025, 4367.97900000000573
31, 4367.76900000000023, 4367.77900000000591
32, 4367.56890000000021, 4367.57900000000609
33, 4367.36880000000019, 4367.37900000000627
34, 4367.16870000000017, 4367.17900000000645
35, 4366.98930000000018, 4366.97900000000664
36, 4366.78229999999985, 4366.77900000000682
37, 4366.57529999999952, 4366.579000000007
38, 4366.3751999999995, 4366.37900000000718
39, 4366.16820000000007, 4366.17900000000736
40, 4365.97500000000036, 4365.97900000000755
41, 4365.77490000000034, 4365.77900000000773
42, 4365.57480000000032, 4365.57900000000791
43, 4365.38159999999971, 4365.37900000000809
44, 4365.17460000000028, 4365.17900000000827
45, 4364.97450000000026, 4364.97900000000845
46, 4364.77440000000024, 4364.77900000000864
47, 4364.58119999999963, 4364.57900000000882
48, 4364.3742000000002, 4364.379000000009
49, 4364.17410000000018, 4364.17900000000918
50, 4363.98089999999956, 4363.97900000000936
51, 4363.76699999999983, 4363.77900000000955
52, 4363.57380000000012, 4363.57900000000973
53, 4363.3737000000001, 4363.37900000000991
54, 4363.17360000000008, 4363.17900000001009
55, 4362.97350000000006, 4362.97900000001027
56, 4362.78030000000035, 4362.77900000001046
57, 4362.58709999999974, 4362.57900000001064
58, 4362.36629999999968, 4362.37900000001082
59, 4362.18000000000029, 4362.179000000011
60, 4361.96609999999964, 4361.97900000001118
61, 4361.77289999999994, 4361.77900000001137
62, 4361.5658999999996, 4361.57900000001155
63, 4361.3726999999999, 4361.37900000001173
64, 4361.17950000000019, 4361.17900000001191
65, 4360.96559999999954, 4360.97900000001209
66, 4360.77930000000015, 4360.77900000001227
67, 4360.57229999999981, 4360.57900000001246
68, 4360.37219999999979, 4360.37900000001264
69, 4360.17209999999977, 4360.17900000001282
70, 4359.97199999999975, 4359.979000000013
71, 4359.77880000000005, 4359.77900000001318
72, 4359.56490000000031, 4359.57900000001337
73, 4359.37860000000001, 4359.37900000001355
74, 4359.17159999999967, 4359.17900000001373
75, 4358.97149999999965, 4358.97900000001391
76, 4358.77139999999963, 4358.77900000001409
77, 4358.57819999999992, 4358.57900000001428
78, 4358.38500000000022, 4358.37900000001446
79, 4358.17109999999957, 4358.17900000001464
80, 4357.97099999999955, 4357.97900000001482
81, 4357.77089999999953, 4357.779000000015
82, 4357.57079999999951, 4357.57900000001518
83, 4357.36380000000008, 4357.37900000001537
84, 4357.16370000000006, 4357.17900000001555
85, 4356.98430000000008, 4356.97900000001573
86, 4356.77040000000034, 4356.77900000001591
87, 4356.57030000000032, 4356.57900000001609
88, 4356.3702000000003, 4356.37900000001628
89, 4356.17699999999968, 4356.17900000001646
90, 4355.97000000000025, 4355.97900000001664
91, 4355.76990000000023, 4355.77900000001682
92, 4355.57669999999962, 4355.579000000017
93, 4355.36279999999988, 4355.37900000001719
94, 4355.16960000000017, 4355.17900000001737
95, 4354.96950000000015, 4354.97900000001755
96, 4354.76940000000013, 4354.77900000001773
97, 4354.56930000000011, 4354.57900000001791
98, 4354.36920000000009, 4354.3790000000181
99, 4354.18289999999979, 4354.17900000001828
100, 4353.96900000000005, 4353.97900000001846
101, 4353.76890000000003, 4353.77900000001864
102, 4353.56880000000001, 4353.57900000001882
103, 4353.36869999999999, 4353.379000000019
104, 4353.16859999999997, 4353.17900000001919
105, 4352.97540000000026, 4352.97900000001937
106, 4352.78219999999965, 4352.77900000001955
107, 4352.58209999999963, 4352.57900000001973
108, 4352.3751000000002, 4352.37900000001991
109, 4352.17500000000018, 4352.1790000000201
110, 4351.97490000000016, 4351.97900000002028
111, 4351.77480000000014, 4351.77900000002046
112, 4351.56779999999981, 4351.57900000002064
113, 4351.38149999999951, 4351.37900000002082
114, 4351.17450000000008, 4351.17900000002101
115, 4350.97440000000006, 4350.97900000002119
116, 4350.77430000000004, 4350.77900000002137
117, 4350.57420000000002, 4350.57900000002155
118, 4350.36719999999968, 4350.37900000002173
119, 4350.17399999999998, 4350.17900000002192
120, 4349.98080000000027, 4349.9790000000221
121, 4349.78070000000025, 4349.77900000002228
122, 4349.57369999999992, 4349.57900000002246
123, 4349.3735999999999, 4349.37900000002264
124, 4349.17349999999988, 4349.17900000002282
125, 4348.97339999999986, 4348.97900000002301
126, 4348.76639999999952, 4348.77900000002319
127, 4348.58010000000013, 4348.57900000002337
128, 4348.38000000000011, 4348.37900000002355
129, 4348.17299999999977, 4348.17900000002373
130, 4347.97980000000007, 4347.97900000002392
131, 4347.77279999999973, 4347.7790000000241
132, 4347.57960000000003, 4347.57900000002428
133, 4347.36570000000029, 4347.37900000002446
134, 4347.17939999999999, 4347.17900000002464
135, 4346.97239999999965, 4346.97900000002483
136, 4346.77229999999963, 4346.77900000002501
137, 4346.57219999999961, 4346.57900000002519
138, 4346.37209999999959, 4346.37900000002537
139, 4346.17199999999957, 4346.17900000002555
140, 4345.97189999999955, 4345.97900000002574
141, 4345.77869999999984, 4345.77900000002592
142, 4345.57859999999982, 4345.5790000000261
143, 4345.37159999999949, 4345.37900000002628
144, 4345.17150000000038, 4345.17900000002646
145, 4344.97140000000036, 4344.97900000002664
146, 4344.77130000000034, 4344.77900000002683
147, 4344.5643, 4344.57900000002701
148, 4344.3779999999997, 4344.37900000002719
149, 4344.17789999999968, 4344.17900000002737
150, 4343.97090000000026, 4343.97900000002755
151, 4343.77080000000024, 4343.77900000002774
152, 4343.57759999999962, 4343.57900000002792
153, 4343.37060000000019, 4343.3790000000281
154, 4343.17050000000017, 4343.17900000002828
155, 4342.97040000000015, 4342.97900000002846
156, 4342.77719999999954, 4342.77900000002865
157, 4342.57020000000011, 4342.57900000002883
158, 4342.37010000000009, 4342.37900000002901
159, 4342.17000000000007, 4342.17900000002919
160, 4341.96990000000005, 4341.97900000002937
161, 4341.76289999999972, 4341.77900000002955
162, 4341.57660000000033, 4341.57900000002974
163, 4341.38339999999971, 4341.37900000002992
164, 4341.16949999999997, 4341.1790000000301
165, 4340.97630000000026, 4340.97900000003028
166, 4340.76929999999993, 4340.77900000003046
167, 4340.56919999999991, 4340.57900000003065
168, 4340.36219999999958, 4340.37900000003083
169, 4340.16899999999987, 4340.17900000003101
170, 4339.97580000000016, 4339.97900000003119
171, 4339.76189999999951, 4339.77900000003137
172, 4339.56869999999981, 4339.57900000003156
173, 4339.38239999999951, 4339.37900000003174
174, 4339.17540000000008, 4339.17900000003192
175, 4338.98220000000038, 4338.9790000000321
176, 4338.77520000000004, 4338.77900000003228
177, 4338.58200000000033, 4338.57900000003247
178, 4338.36809999999969, 4338.37900000003265
179, 4338.17489999999998, 4338.17900000003283
180, 4337.97479999999996, 4337.97900000003301
181, 4337.77469999999994, 4337.77900000003319
182, 4337.57459999999992, 4337.57900000003337
183, 4337.3744999999999, 4337.37900000003356
184, 4337.1881999999996, 4337.17900000003374
185, 4336.97429999999986, 4336.97900000003392
186, 4336.77419999999984, 4336.7790000000341
187, 4336.57409999999982, 4336.57900000003428
188, 4336.3739999999998, 4336.37900000003447
189, 4336.17389999999978, 4336.17900000003465
190, 4335.97379999999976, 4335.97900000003483
191, 4335.78060000000005, 4335.77900000003501
192, 4335.57359999999971, 4335.57900000003519
193, 4335.37349999999969, 4335.37900000003538
194, 4335.17339999999967, 4335.17900000003556
195, 4334.98019999999997, 4334.97900000003574
196, 4334.77319999999963, 4334.77900000003592
197, 4334.57309999999961, 4334.5790000000361
198, 4334.37989999999991, 4334.37900000003629
199, 4334.16600000000017, 4334.17900000003647
200, 4333.97279999999955, 4333.97900000003665
201, 4333.77269999999953, 4333.77900000003683
202, 4333.57259999999951, 4333.57900000003701
203, 4333.36560000000009, 4333.37900000003719
204, 4333.17929999999978, 4333.17900000003738
205, 4332.98610000000008, 4332.97900000003756
206, 4332.77909999999974, 4332.77900000003774
207, 4332.57210000000032, 4332.57900000003792
208, 4332.3720000000003, 4332.3790000000381
209, 4332.16499999999996, 4332.17900000003829
210, 4331.96489999999994, 4331.97900000003847
211, 4331.77170000000024, 4331.77900000003865
212, 4331.58539999999994, 4331.57900000003883
213, 4331.3715000000002, 4331.37900000003901
214, 4331.17140000000018, 4331.1790000000392
215, 4330.97130000000016, 4330.97900000003938
216, 4330.77120000000014, 4330.77900000003956
217, 4330.57110000000011, 4330.57900000003974
218, 4330.37100000000009, 4330.37900000003992
219, 4330.18469999999979, 4330.17900000004011
220, 4329.97080000000005, 4329.97900000004029
221, 4329.77070000000003, 4329.77900000004047
222, 4329.5636999999997, 4329.57900000004065
223, 4329.37049999999999, 4329.37900000004083
224, 4329.17039999999997, 4329.17900000004101
225, 4328.97029999999995, 4328.9790000000412
226, 4328.77710000000025, 4328.77900000004138
227, 4328.57700000000023, 4328.57900000004156
228, 4328.36999999999989, 4328.37900000004174
229, 4328.16989999999987, 4328.17900000004192
230, 4327.96979999999985, 4327.97900000004211
231, 4327.76969999999983, 4327.77900000004229
232, 4327.5626999999995, 4327.57900000004247
233, 4327.3764000000001, 4327.37900000004265
234, 4327.17630000000008, 4327.17900000004283
235, 4326.96929999999975, 4326.97900000004302
236, 4326.76919999999973, 4326.7790000000432
237, 4326.57600000000002, 4326.57900000004338
238, 4326.36899999999969, 4326.37900000004356
239, 4326.16200000000026, 4326.17900000004374
240, 4325.97569999999996, 4325.97900000004392
241, 4325.77559999999994, 4325.77900000004411
242, 4325.57549999999992, 4325.57900000004429
243, 4325.3753999999999, 4325.37900000004447
244, 4325.16839999999956, 4325.17900000004465
245, 4324.97519999999986, 4324.97900000004483
246, 4324.77509999999984, 4324.77900000004502
247, 4324.58190000000013, 4324.5790000000452
248, 4324.38180000000011, 4324.37900000004538
249, 4324.17479999999978, 4324.17900000004556
250, 4323.97469999999976, 4323.97900000004574
251, 4323.77459999999974, 4323.77900000004593
252, 4323.57449999999972, 4323.57900000004611
253, 4323.36750000000029, 4323.37900000004629
254, 4323.17429999999968, 4323.17900000004647
255, 4322.98109999999997, 4322.97900000004665
256, 4322.77409999999963, 4322.77900000004684
257, 4322.57399999999961, 4322.57900000004702
258, 4322.38079999999991, 4322.3790000000472
259, 4322.17379999999957, 4322.17900000004738
260, 4321.97369999999955, 4321.97900000004756
261, 4321.78049999999985, 4321.77900000004774
262, 4321.57349999999951, 4321.57900000004793
263, 4321.37339999999949, 4321.37900000004811
264, 4321.17330000000038, 4321.17900000004829
265, 4320.97320000000036, 4320.97900000004847
266, 4320.77310000000034, 4320.77900000004865
267, 4320.57300000000032, 4320.57900000004884
268, 4320.3729000000003, 4320.37900000004902
269, 4320.17969999999968, 4320.1790000000492
270, 4319.97270000000026, 4319.97900000004938
271, 4319.77949999999964, 4319.77900000004956
272, 4319.57250000000022, 4319.57900000004975
273, 4319.3724000000002, 4319.37900000004993
274, 4319.16539999999986, 4319.17900000005011
275, 4318.97909999999956, 4318.97900000005029
276, 4318.77899999999954, 4318.77900000005047
277, 4318.57889999999952, 4318.57900000005066
278, 4318.3719000000001, 4318.37900000005084
279, 4318.17869999999948, 4318.17900000005102
280, 4317.97170000000006, 4317.9790000000512
281, 4317.77160000000003, 4317.77900000005138
282, 4317.57150000000001, 4317.57900000005156
283, 4317.37830000000031, 4317.37900000005175
284, 4317.16439999999966, 4317.17900000005193
285, 4316.97119999999995, 4316.97900000005211
286, 4316.77109999999993, 4316.77900000005229
287, 4316.57099999999991, 4316.57900000005247
288, 4316.37089999999989, 4316.37900000005266
289, 4316.17770000000019, 4316.17900000005284
290, 4315.98449999999957, 4315.97900000005302
291, 4315.77059999999983, 4315.7790000000532
292, 4315.57049999999981, 4315.57900000005338
293, 4315.37039999999979, 4315.37900000005357
294, 4315.17029999999977, 4315.17900000005375
295, 4314.96330000000034, 4314.97900000005393
296, 4314.77009999999973, 4314.77900000005411
297, 4314.57690000000002, 4314.57900000005429
298, 4314.36989999999969, 4314.37900000005448
299, 4314.16979999999967, 4314.17900000005466
300, 4313.96969999999965, 4313.97900000005484
301, 4313.76959999999963, 4313.77900000005502
302, 4313.56949999999961, 4313.5790000000552
303, 4313.36939999999959, 4313.37900000005538
304, 4313.17619999999988, 4313.17900000005557
305, 4312.96919999999955, 4312.97900000005575
306, 4312.76909999999953, 4312.77900000005593
307, 4312.56899999999951, 4312.57900000005611
308, 4312.3757999999998, 4312.37900000005629
309, 4312.16190000000006, 4312.17900000005648
310, 4311.96870000000035, 4311.97900000005666
311, 4311.78930000000037, 4311.77900000005684
312, 4311.57539999999972, 4311.57900000005702
313, 4311.3752999999997, 4311.3790000000572
314, 4311.17519999999968, 4311.17900000005739
315, 4310.97509999999966, 4310.97900000005757
316, 4310.76810000000023, 4310.77900000005775
317, 4310.57489999999962, 4310.57900000005793
318, 4310.38169999999991, 4310.37900000005811
319, 4310.18159999999989, 4310.17900000005829
320, 4309.97459999999955, 4309.97900000005848
321, 4309.77449999999953, 4309.77900000005866
322, 4309.57439999999951, 4309.57900000005884
323, 4309.37429999999949, 4309.37900000005902
324, 4309.17419999999947, 4309.1790000000592
325, 4308.98099999999977, 4308.97900000005939
326, 4308.77400000000034, 4308.77900000005957
327, 4308.57390000000032, 4308.57900000005975
328, 4308.36689999999999, 4308.37900000005993
329, 4308.18059999999969, 4308.17900000006011
330, 4307.96669999999995, 4307.9790000000603
331, 4307.77350000000024, 4307.77900000006048
332, 4307.58719999999994, 4307.57900000006066
333, 4307.3801999999996, 4307.37900000006084
334, 4307.17320000000018, 4307.17900000006102
335, 4306.97310000000016, 4306.97900000006121
336, 4306.77300000000014, 4306.77900000006139
337, 4306.57290000000012, 4306.57900000006157
338, 4306.36589999999978, 4306.37900000006175
339, 4306.17959999999948, 4306.17900000006193
340, 4305.97260000000006, 4305.97900000006211
341, 4305.77250000000004, 4305.7790000000623
342, 4305.57240000000002, 4305.57900000006248
343, 4305.37920000000031, 4305.37900000006266
344, 4305.17910000000029, 4305.17900000006284
345, 4304.96519999999964, 4304.97900000006302
346, 4304.77890000000025, 4304.77900000006321
347, 4304.57189999999991, 4304.57900000006339
348, 4304.37179999999989, 4304.37900000006357
349, 4304.17169999999987, 4304.17900000006375
350, 4303.97159999999985, 4303.97900000006393
351, 4303.77149999999983, 4303.77900000006412
352, 4303.5644999999995, 4303.5790000000643
353, 4303.37820000000011, 4303.37900000006448
354, 4303.17810000000009, 4303.17900000006466
355, 4302.97109999999975, 4302.97900000006484
356, 4302.77099999999973, 4302.77900000006503
357, 4302.57780000000002, 4302.57900000006521
358, 4302.36390000000029, 4302.37900000006539
359, 4302.16380000000026, 4302.17900000006557
360, 4301.97749999999996, 4301.97900000006575
361, 4301.77739999999994, 4301.77900000006593
362, 4301.57039999999961, 4301.57900000006612
363, 4301.3771999999999, 4301.3790000000663
364, 4301.17019999999957, 4301.17900000006648
365, 4300.97699999999986, 4300.97900000006666
366, 4300.76310000000012, 4300.77900000006684
367, 4300.57679999999982, 4300.57900000006703
368, 4300.3766999999998, 4300.37900000006721
369, 4300.16280000000006, 4300.17900000006739
370, 4299.96960000000036, 4299.97900000006757
371, 4299.76950000000033, 4299.77900000006775
372, 4299.56940000000031, 4299.57900000006794
373, 4299.36930000000029, 4299.37900000006812
374, 4299.17609999999968, 4299.1790000000683
375, 4298.98980000000029, 4298.97900000006848
376, 4298.76209999999992, 4298.77900000006866
377, 4298.57579999999962, 4298.57900000006885
378, 4298.36189999999988, 4298.37900000006903
379, 4298.16870000000017, 4298.17900000006921
380, 4297.96860000000015, 4297.97900000006939
381, 4297.78229999999985, 4297.77900000006957
382, 4297.58219999999983, 4297.57900000006975
383, 4297.3751999999995, 4297.37900000006994
384, 4297.17509999999947, 4297.17900000007012
385, 4296.97500000000036, 4296.9790000000703
386, 4296.77490000000034, 4296.77900000007048
387, 4296.57480000000032, 4296.57900000007066
388, 4296.38159999999971, 4296.37900000007085
389, 4296.18149999999969, 4296.17900000007103
390, 4295.96759999999995, 4295.97900000007121
391, 4295.77440000000024, 4295.77900000007139
392, 4295.57430000000022, 4295.57900000007157
393, 4295.3742000000002, 4295.37900000007176
394, 4295.16719999999987, 4295.17900000007194
395, 4294.98089999999956, 4294.97900000007212
396, 4294.78769999999986, 4294.7790000000723
397, 4294.57380000000012, 4294.57900000007248
398, 4294.3737000000001, 4294.37900000007266
399, 4294.17360000000008, 4294.17900000007285
400, 4293.97350000000006, 4293.97900000007303
401, 4293.76649999999972, 4293.77900000007321
402, 4293.57330000000002, 4293.57900000007339
403, 4293.38010000000031, 4293.37900000007357
404, 4293.17309999999998, 4293.17900000007376
405, 4292.97299999999996, 4292.97900000007394
406, 4292.77289999999994, 4292.77900000007412
407, 4292.57279999999992, 4292.5790000000743
408, 4292.37960000000021, 4292.37900000007448
409, 4292.17259999999987, 4292.17900000007467
410, 4291.97940000000017, 4291.97900000007485
411, 4291.77239999999983, 4291.77900000007503
412, 4291.57229999999981, 4291.57900000007521
413, 4291.37219999999979, 4291.37900000007539
414, 4291.17209999999977, 4291.17900000007558
415, 4290.96510000000035, 4290.97900000007576
416, 4290.77189999999973, 4290.77900000007594
417, 4290.58560000000034, 4290.57900000007612
418, 4290.37860000000001, 4290.3790000000763
419, 4290.17159999999967, 4290.17900000007648
420, 4289.97149999999965, 4289.97900000007667
421, 4289.77139999999963, 4289.77900000007685
422, 4289.56440000000021, 4289.57900000007703
423, 4289.36430000000018, 4289.37900000007721
424, 4289.1849000000002, 4289.17900000007739
425, 4288.97099999999955, 4288.97900000007758
426, 4288.77089999999953, 4288.77900000007776
427, 4288.57079999999951, 4288.57900000007794
428, 4288.3775999999998, 4288.37900000007812
429, 4288.17060000000038, 4288.1790000000783
430, 4287.97050000000036, 4287.97900000007849
431, 4287.78420000000006, 4287.77900000007867
432, 4287.57030000000032, 4287.57900000007885
433, 4287.3702000000003, 4287.37900000007903
434, 4287.17010000000028, 4287.17900000007921
435, 4286.97000000000025, 4286.9790000000794
436, 4286.76990000000023, 4286.77900000007958
437, 4286.5628999999999, 4286.57900000007976
438, 4286.3765999999996, 4286.37900000007994
439, 4286.17649999999958, 4286.17900000008012
440, 4285.96950000000015, 4285.9790000000803
441, 4285.76940000000013, 4285.77900000008049
442, 4285.56930000000011, 4285.57900000008067
443, 4285.36920000000009, 4285.37900000008085
444, 4285.16219999999976, 4285.17900000008103
445, 4284.97590000000037, 4284.97900000008121
446, 4284.77580000000034, 4284.7790000000814
447, 4284.56880000000001, 4284.57900000008158
448, 4284.36869999999999, 4284.37900000008176
449, 4284.18239999999969, 4284.17900000008194
450, 4283.97540000000026, 4283.97900000008212
451, 4283.77530000000024, 4283.77900000008231
452, 4283.58209999999963, 4283.57900000008249
453, 4283.38199999999961, 4283.37900000008267
454, 4283.16809999999987, 4283.17900000008285
455, 4282.97490000000016, 4282.97900000008303
456, 4282.77480000000014, 4282.77900000008322
457, 4282.57470000000012, 4282.5790000000834
458, 4282.36769999999979, 4282.37900000008358
459, 4282.1882999999998, 4282.17900000008376
460, 4281.98130000000037, 4281.97900000008394
461, 4281.77430000000004, 4281.77900000008412
462, 4281.57420000000002, 4281.57900000008431
463, 4281.3741, 4281.37900000008449
464, 4281.16709999999966, 4281.17900000008467
465, 4280.96699999999964, 4280.97900000008485
466, 4280.77379999999994, 4280.77900000008503
467, 4280.58060000000023, 4280.57900000008522
468, 4280.3735999999999, 4280.3790000000854
469, 4280.17349999999988, 4280.17900000008558
470, 4279.98030000000017, 4279.97900000008576
471, 4279.77329999999984, 4279.77900000008594
472, 4279.58010000000013, 4279.57900000008613
473, 4279.37309999999979, 4279.37900000008631
474, 4279.17990000000009, 4279.17900000008649
475, 4278.96600000000035, 4278.97900000008667
476, 4278.77279999999973, 4278.77900000008685
477, 4278.57269999999971, 4278.57900000008704
478, 4278.37259999999969, 4278.37900000008722
479, 4278.17249999999967, 4278.1790000000874
480, 4277.97239999999965, 4277.97900000008758
481, 4277.77919999999995, 4277.77900000008776
482, 4277.57219999999961, 4277.57900000008794
483, 4277.37899999999991, 4277.37900000008813
484, 4277.17199999999957, 4277.17900000008831
485, 4276.97189999999955, 4276.97900000008849
486, 4276.76490000000013, 4276.77900000008867
487, 4276.57169999999951, 4276.57900000008885
488, 4276.3784999999998, 4276.37900000008904
489, 4276.17150000000038, 4276.17900000008922
490, 4275.97140000000036, 4275.9790000000894
491, 4275.77819999999974, 4275.77900000008958
492, 4275.57120000000032, 4275.57900000008976
493, 4275.3711000000003, 4275.37900000008995
494, 4275.17100000000028, 4275.17900000009013
495, 4274.97779999999966, 4274.97900000009031
496, 4274.76389999999992, 4274.77900000009049
497, 4274.57070000000022, 4274.57900000009067
498, 4274.37060000000019, 4274.37900000009085
499, 4274.17050000000017, 4274.17900000009104
500, 4273.96349999999984, 4273.97900000009122
501, 4273.77719999999954, 4273.7790000000914
502, 4273.59090000000015, 4273.57900000009158
503, 4273.37010000000009, 4273.37900000009176
504, 4273.17000000000007, 4273.17900000009195
505, 4272.96990000000005, 4272.97900000009213
506, 4272.76980000000003, 4272.77900000009231
507, 4272.5627999999997, 4272.57900000009249
508, 4272.36959999999999, 4272.37900000009267
509, 4272.17640000000029, 4272.17900000009286
510, 4271.96249999999964, 4271.97900000009304
511, 4271.77620000000024, 4271.77900000009322
512, 4271.56919999999991, 4271.5790000000934
513, 4271.36909999999989, 4271.37900000009358
514, 4271.16899999999987, 4271.17900000009377
515, 4270.97580000000016, 4270.97900000009395
516, 4270.77570000000014, 4270.77900000009413
517, 4270.56179999999949, 4270.57900000009431
518, 4270.3755000000001, 4270.37900000009449
519, 4270.16849999999977, 4270.17900000009467
520, 4269.97530000000006, 4269.97900000009486
521, 4269.77520000000004, 4269.77900000009504
522, 4269.57510000000002, 4269.57900000009522
523, 4269.38879999999972, 4269.3790000000954
524, 4269.18180000000029, 4269.17900000009558
525, 4268.97479999999996, 4268.97900000009577
526, 4268.77469999999994, 4268.77900000009595
527, 4268.57459999999992, 4268.57900000009613
528, 4268.36759999999958, 4268.37900000009631
529, 4268.16749999999956, 4268.17900000009649
530, 4267.98120000000017, 4267.97900000009668
531, 4267.77419999999984, 4267.77900000009686
532, 4267.57409999999982, 4267.57900000009704
533, 4267.3739999999998, 4267.37900000009722
534, 4267.18080000000009, 4267.1790000000974
535, 4266.97379999999976, 4266.97900000009759
536, 4266.77369999999974, 4266.77900000009777
537, 4266.58740000000034, 4266.57900000009795
538, 4266.37349999999969, 4266.37900000009813
539, 4266.18029999999999, 4266.17900000009831
540, 4265.96640000000025, 4265.97900000009849
541, 4265.77319999999963, 4265.77900000009868
542, 4265.56620000000021, 4265.57900000009886
543, 4265.36610000000019, 4265.37900000009904
544, 4265.1867000000002, 4265.17900000009922
545, 4264.97969999999987, 4264.9790000000994
546, 4264.77269999999953, 4264.77900000009959
547, 4264.57259999999951, 4264.57900000009977
548, 4264.37249999999949, 4264.37900000009995
549, 4264.17240000000038, 4264.17900000010013
550, 4263.96540000000005, 4263.97900000010031
551, 4263.77909999999974, 4263.7790000001005
552, 4263.57210000000032, 4263.57900000010068
553, 4263.3720000000003, 4263.37900000010086
554, 4263.17190000000028, 4263.17900000010104
555, 4262.97869999999966, 4262.97900000010122
556, 4262.77170000000024, 4262.77900000010141
557, 4262.57160000000022, 4262.57900000010159
558, 4262.39220000000023, 4262.37900000010177
559, 4262.16449999999986, 4262.17900000010195
560, 4261.97130000000016, 4261.97900000010213
561, 4261.76429999999982, 4261.77900000010231
562, 4261.5641999999998, 4261.5790000001025
563, 4261.37100000000009, 4261.37900000010268
564, 4261.17090000000007, 4261.17900000010286
565, 4260.97770000000037, 4260.97900000010304
566, 4260.78449999999975, 4260.77900000010322
567, 4260.57060000000001, 4260.57900000010341
568, 4260.38429999999971, 4260.37900000010359
569, 4260.15660000000025, 4260.17900000010377
570, 4259.97029999999995, 4259.97900000010395
571, 4259.75640000000021, 4259.77900000010413
572, 4259.57009999999991, 4259.57900000010432
573, 4259.37690000000021, 4259.3790000001045
574, 4259.17680000000018, 4259.17900000010468
575, 4258.96979999999985, 4258.97900000010486
576, 4258.77660000000014, 4258.77900000010504
577, 4258.56959999999981, 4258.57900000010522
578, 4258.36949999999979, 4258.37900000010541
579, 4258.16939999999977, 4258.17900000010559
580, 4257.97620000000006, 4257.97900000010577
581, 4257.76230000000032, 4257.77900000010595
582, 4257.56909999999971, 4257.57900000010613
583, 4257.36899999999969, 4257.37900000010632
584, 4257.16889999999967, 4257.1790000001065
585, 4256.96879999999965, 4256.97900000010668
586, 4256.77559999999994, 4256.77900000010686
587, 4256.58929999999964, 4256.57900000010704
588, 4256.3753999999999, 4256.37900000010723
589, 4256.17529999999988, 4256.17900000010741
590, 4255.97519999999986, 4255.97900000010759
591, 4255.77509999999984, 4255.77900000010777
592, 4255.5680999999995, 4255.57900000010795
593, 4255.3748999999998, 4255.37900000010814
594, 4255.18170000000009, 4255.17900000010832
595, 4254.97469999999976, 4254.9790000001085
596, 4254.77459999999974, 4254.77900000010868
597, 4254.57449999999972, 4254.57900000010886
598, 4254.38130000000001, 4254.37900000010904
599, 4254.16740000000027, 4254.17900000010923
600, 4253.98109999999997, 4253.97900000010941
601, 4253.78099999999995, 4253.77900000010959
602, 4253.56710000000021, 4253.57900000010977
603, 4253.37389999999959, 4253.37900000010995
604, 4253.16690000000017, 4253.17900000011014
605, 4252.97369999999955, 4252.97900000011032
606, 4252.76670000000013, 4252.7790000001105
607, 4252.58039999999983, 4252.57900000011068
608, 4252.38720000000012, 4252.37900000011086
609, 4252.17330000000038, 4252.17900000011105
610, 4251.97320000000036, 4251.97900000011123
611, 4251.77310000000034, 4251.77900000011141
612, 4251.57300000000032, 4251.57900000011159
613, 4251.36599999999999, 4251.37900000011177
614, 4251.17280000000028, 4251.17900000011196
615, 4250.97959999999966, 4250.97900000011214
616, 4250.76569999999992, 4250.77900000011232
617, 4250.57939999999962, 4250.5790000001125
618, 4250.3724000000002, 4250.37900000011268
619, 4250.17230000000018, 4250.17900000011286
620, 4249.97220000000016, 4249.97900000011305
621, 4249.77210000000014, 4249.77900000011323
622, 4249.57889999999952, 4249.57900000011341
623, 4249.36499999999978, 4249.37900000011359
624, 4249.17180000000008, 4249.17900000011377
625, 4248.97170000000006, 4248.97900000011396
626, 4248.77160000000003, 4248.77900000011414
627, 4248.57150000000001, 4248.57900000011432
628, 4248.37139999999999, 4248.3790000001145
629, 4248.18509999999969, 4248.17900000011468
630, 4247.97119999999995, 4247.97900000011487
631, 4247.77800000000025, 4247.77900000011505
632, 4247.57099999999991, 4247.57900000011523
633, 4247.37089999999989, 4247.37900000011541
634, 4247.16389999999956, 4247.17900000011559
635, 4246.97069999999985, 4246.97900000011578
636, 4246.77750000000015, 4246.77900000011596
637, 4246.57049999999981, 4246.57900000011614
638, 4246.37039999999979, 4246.37900000011632
639, 4246.17029999999977, 4246.1790000001165
640, 4245.97019999999975, 4245.97900000011668
641, 4245.77009999999973, 4245.77900000011687
642, 4245.56999999999971, 4245.57900000011705
643, 4245.38370000000032, 4245.37900000011723
644, 4245.16979999999967, 4245.17900000011741
645, 4244.96969999999965, 4244.97900000011759
646, 4244.76959999999963, 4244.77900000011778
647, 4244.56949999999961, 4244.57900000011796
648, 4244.36939999999959, 4244.37900000011814
649, 4244.16240000000016, 4244.17900000011832
650, 4243.97609999999986, 4243.9790000001185
651, 4243.77599999999984, 4243.77900000011869
652, 4243.56899999999951, 4243.57900000011887
653, 4243.3757999999998, 4243.37900000011905
654, 4243.16880000000037, 4243.17900000011923
655, 4242.96870000000035, 4242.97900000011941
656, 4242.76860000000033, 4242.77900000011959
657, 4242.58230000000003, 4242.57900000011978
658, 4242.3752999999997, 4242.37900000011996
659, 4242.17519999999968, 4242.17900000012014
660, 4241.98199999999997, 4241.97900000012032
661, 4241.77499999999964, 4241.7790000001205
662, 4241.58179999999993, 4241.57900000012069
663, 4241.36790000000019, 4241.37900000012087
664, 4241.18159999999989, 4241.17900000012105
665, 4240.98149999999987, 4240.97900000012123
666, 4240.76760000000013, 4240.77900000012141
667, 4240.57439999999951, 4240.5790000001216
668, 4240.37429999999949, 4240.37900000012178
669, 4240.17420000000038, 4240.17900000012196
670, 4239.96720000000005, 4239.97900000012214
671, 4239.78780000000006, 4239.77900000012232
672, 4239.58079999999973, 4239.57900000012251
673, 4239.3738000000003, 4239.37900000012269
674, 4239.18059999999969, 4239.17900000012287
675, 4238.96669999999995, 4238.97900000012305
676, 4238.77350000000024, 4238.77900000012323
677, 4238.56649999999991, 4238.57900000012341
678, 4238.3801999999996, 4238.3790000001236
679, 4238.17320000000018, 4238.17900000012378
680, 4237.97310000000016, 4237.97900000012396
681, 4237.77300000000014, 4237.77900000012414
682, 4237.57979999999952, 4237.57900000012432
683, 4237.3728000000001, 4237.37900000012451
684, 4237.17270000000008, 4237.17900000012469
685, 4236.97260000000006, 4236.97900000012487
686, 4236.77940000000035, 4236.77900000012505
687, 4236.5654999999997, 4236.57900000012523
688, 4236.3723, 4236.37900000012542
689, 4236.17219999999998, 4236.1790000001256
690, 4235.97209999999995, 4235.97900000012578
691, 4235.77199999999993, 4235.77900000012596
692, 4235.57189999999991, 4235.57900000012614
693, 4235.39249999999993, 4235.37900000012633
694, 4235.15790000000015, 4235.17900000012651
695, 4234.98539999999957, 4234.97900000012669
696, 4234.76459999999952, 4234.77900000012687
697, 4234.57139999999981, 4234.57900000012705
698, 4234.35750000000007, 4234.37900000012723
699, 4234.17810000000009, 4234.17900000012742
700, 4233.97800000000007, 4233.9790000001276
701, 4233.77099999999973, 4233.77900000012778
702, 4233.57089999999971, 4233.57900000012796
703, 4233.38460000000032, 4233.37900000012814
704, 4233.16380000000026, 4233.17900000012833
705, 4232.97059999999965, 4232.97900000012851
706, 4232.77049999999963, 4232.77900000012869
707, 4232.58420000000024, 4232.57900000012887
708, 4232.36340000000018, 4232.37900000012905
709, 4232.17019999999957, 4232.17900000012924
710, 4231.97009999999955, 4231.97900000012942
711, 4231.76999999999953, 4231.7790000001296
712, 4231.5630000000001, 4231.57900000012978
713, 4231.3766999999998, 4231.37900000012996
714, 4231.18350000000009, 4231.17900000013015
715, 4230.96960000000036, 4230.97900000013033
716, 4230.76950000000033, 4230.77900000013051
717, 4230.56940000000031, 4230.57900000013069
718, 4230.36930000000029, 4230.37900000013087
719, 4230.16229999999996, 4230.17900000013105
720, 4229.96910000000025, 4229.97900000013124
721, 4229.77589999999964, 4229.77900000013142
722, 4229.56890000000021, 4229.5790000001316
723, 4229.36880000000019, 4229.37900000013178
724, 4229.16870000000017, 4229.17900000013196
725, 4228.98239999999987, 4228.97900000013215
726, 4228.76850000000013, 4228.77900000013233
727, 4228.57529999999952, 4228.57900000013251
728, 4228.38209999999981, 4228.37900000013269
729, 4228.17509999999947, 4228.17900000013287
730, 4227.98189999999977, 4227.97900000013306
731, 4227.77490000000034, 4227.77900000013324
732, 4227.57480000000032, 4227.57900000013342
733, 4227.3747000000003, 4227.3790000001336
734, 4227.17460000000028, 4227.17900000013378
735, 4226.98829999999998, 4226.97900000013396
736, 4226.77440000000024, 4226.77900000013415
737, 4226.57430000000022, 4226.57900000013433
738, 4226.3742000000002, 4226.37900000013451
739, 4226.17410000000018, 4226.17900000013469
740, 4225.96709999999985, 4225.97900000013487
741, 4225.76699999999983, 4225.77900000013506
742, 4225.58069999999952, 4225.57900000013524
743, 4225.3737000000001, 4225.37900000013542
744, 4225.17360000000008, 4225.1790000001356
745, 4224.97350000000006, 4224.97900000013578
746, 4224.77340000000004, 4224.77900000013597
747, 4224.57330000000002, 4224.57900000013615
748, 4224.3732, 4224.37900000013633
749, 4224.18000000000029, 4224.17900000013651
750, 4223.97299999999996, 4223.97900000013669
751, 4223.77289999999994, 4223.77900000013688
752, 4223.57279999999992, 4223.57900000013706
753, 4223.3726999999999, 4223.37900000013724
754, 4223.17259999999987, 4223.17900000013742
755, 4222.96559999999954, 4222.9790000001376
756, 4222.78619999999955, 4222.77900000013778
757, 4222.57920000000013, 4222.57900000013797
758, 4222.37219999999979, 4222.37900000013815
759, 4222.17209999999977, 4222.17900000013833
760, 4221.97199999999975, 4221.97900000013851
761, 4221.77189999999973, 4221.77900000013869
762, 4221.57179999999971, 4221.57900000013888
763, 4221.37860000000001, 4221.37900000013906
764, 4221.17159999999967, 4221.17900000013924
765, 4220.97149999999965, 4220.97900000013942
766, 4220.77139999999963, 4220.7790000001396
767, 4220.57129999999961, 4220.57900000013979
768, 4220.37119999999959, 4220.37900000013997
769, 4220.17799999999988, 4220.17900000014015
770, 4219.97789999999986, 4219.97900000014033
771, 4219.77089999999953, 4219.77900000014051
772, 4219.57079999999951, 4219.5790000001407
773, 4219.37069999999949, 4219.37900000014088
774, 4219.17060000000038, 4219.17900000014106
775, 4218.97050000000036, 4218.97900000014124
776, 4218.76350000000002, 4218.77900000014142
777, 4218.57719999999972, 4218.5790000001416
778, 4218.3770999999997, 4218.37900000014179
779, 4218.17010000000028, 4218.17900000014197
780, 4217.97000000000025, 4217.97900000014215
781, 4217.77679999999964, 4217.77900000014233
782, 4217.56980000000021, 4217.57900000014251
783, 4217.36279999999988, 4217.3790000001427
784, 4217.17649999999958, 4217.17900000014288
785, 4216.97639999999956, 4216.97900000014306
786, 4216.76940000000013, 4216.77900000014324
787, 4216.57619999999952, 4216.57900000014342
788, 4216.36920000000009, 4216.37900000014361
789, 4216.16910000000007, 4216.17900000014379
790, 4215.96209999999974, 4215.97900000014397
791, 4215.77580000000034, 4215.77900000014415
792, 4215.57570000000032, 4215.57900000014433
793, 4215.36179999999968, 4215.37900000014452
794, 4215.17550000000028, 4215.1790000001447
795, 4214.97540000000026, 4214.97900000014488
796, 4214.77530000000024, 4214.77900000014506
797, 4214.56829999999991, 4214.57900000014524
798, 4214.38199999999961, 4214.37900000014542
799, 4214.18189999999959, 4214.17900000014561
800, 4213.97490000000016, 4213.97900000014579
801, 4213.78169999999955, 4213.77900000014597
802, 4213.57470000000012, 4213.57900000014615
803, 4213.3746000000001, 4213.37900000014633
804, 4213.16759999999977, 4213.17900000014652
805, 4212.97440000000006, 4212.9790000001467
806, 4212.78120000000035, 4212.77900000014688
807, 4212.57420000000002, 4212.57900000014706
808, 4212.3741, 4212.37900000014724
809, 4212.17399999999998, 4212.17900000014743
810, 4211.98080000000027, 4211.97900000014761
811, 4211.77379999999994, 4211.77900000014779
812, 4211.58060000000023, 4211.57900000014797
813, 4211.38050000000021, 4211.37900000014815
814, 4211.16659999999956, 4211.17900000014833
815, 4210.97339999999986, 4210.97900000014852
816, 4210.76639999999952, 4210.7790000001487
817, 4210.57319999999982, 4210.57900000014888
818, 4210.36619999999948, 4210.37900000014906
819, 4210.17299999999977, 4210.17900000014924
820, 4209.99359999999979, 4209.97900000014943
821, 4209.77279999999973, 4209.77900000014961
822, 4209.57269999999971, 4209.57900000014979
823, 4209.37259999999969, 4209.37900000014997
824, 4209.17249999999967, 4209.17900000015015
825, 4208.96550000000025, 4208.97900000015034
826, 4208.77229999999963, 4208.77900000015052
827, 4208.57909999999993, 4208.5790000001507
828, 4208.37209999999959, 4208.37900000015088
829, 4208.17199999999957, 4208.17900000015106
830, 4207.97189999999955, 4207.97900000015125
831, 4207.77179999999953, 4207.77900000015143
832, 4207.57169999999951, 4207.57900000015161
833, 4207.37159999999949, 4207.37900000015179
834, 4207.1853000000001, 4207.17900000015197
835, 4206.96450000000004, 4206.97900000015215
836, 4206.77819999999974, 4206.77900000015234
837, 4206.5643, 4206.57900000015252
838, 4206.38490000000002, 4206.3790000001527
839, 4206.15030000000024, 4206.17900000015288
840, 4205.97779999999966, 4205.97900000015306
841, 4205.77769999999964, 4205.77900000015325
842, 4205.57070000000022, 4205.57900000015343
843, 4205.37060000000019, 4205.37900000015361
844, 4205.17050000000017, 4205.17900000015379
845, 4204.97040000000015, 4204.97900000015397
846, 4204.76339999999982, 4204.77900000015416
847, 4204.57020000000011, 4204.57900000015434
848, 4204.39769999999953, 4204.37900000015452
849, 4204.14930000000004, 4204.1790000001547
850, 4203.97680000000037, 4203.97900000015488
851, 4203.76289999999972, 4203.77900000015507
852, 4203.57660000000033, 4203.57900000015525
853, 4203.36959999999999, 4203.37900000015543
854, 4203.16949999999997, 4203.17900000015561
855, 4202.98319999999967, 4202.97900000015579
856, 4202.76929999999993, 4202.77900000015597
857, 4202.56919999999991, 4202.57900000015616
858, 4202.36909999999989, 4202.37900000015634
859, 4202.16209999999955, 4202.17900000015652
860, 4201.96889999999985, 4201.9790000001567
861, 4201.76189999999951, 4201.77900000015688
862, 4201.57560000000012, 4201.57900000015707
863, 4201.38239999999951, 4201.37900000015725
864, 4201.17540000000008, 4201.17900000015743
865, 4200.98220000000038, 4200.97900000015761
866, 4200.77520000000004, 4200.77900000015779
867, 4200.57510000000002, 4200.57900000015798
868, 4200.36809999999969, 4200.37900000015816
869, 4200.18180000000029, 4200.17900000015834
870, 4199.96789999999964, 4199.97900000015852
871, 4199.77469999999994, 4199.7790000001587
872, 4199.57459999999992, 4199.57900000015889
873, 4199.3744999999999, 4199.37900000015907
874, 4199.18130000000019, 4199.17900000015925
875, 4198.97429999999986, 4198.97900000015943
876, 4198.77419999999984, 4198.77900000015961
877, 4198.58100000000013, 4198.57900000015979
878, 4198.36709999999948, 4198.37900000015998
879, 4198.18080000000009, 4198.17900000016016
880, 4197.96000000000004, 4197.97900000016034
881, 4197.77369999999974, 4197.77900000016052
882, 4197.56670000000031, 4197.5790000001607
883, 4197.38730000000032, 4197.37900000016089
884, 4197.1872000000003, 4197.17900000016107
885, 4196.98019999999997, 4196.97900000016125
886, 4196.76630000000023, 4196.77900000016143
887, 4196.57999999999993, 4196.57900000016161
888, 4196.36610000000019, 4196.3790000001618
889, 4196.16600000000017, 4196.17900000016198
890, 4195.97279999999955, 4195.97900000016216
891, 4195.78650000000016, 4195.77900000016234
892, 4195.57259999999951, 4195.57900000016252
893, 4195.37249999999949, 4195.3790000001627
894, 4195.17240000000038, 4195.17900000016289
895, 4194.97230000000036, 4194.97900000016307
896, 4194.76530000000002, 4194.77900000016325
897, 4194.58590000000004, 4194.57900000016343
898, 4194.3720000000003, 4194.37900000016361
899, 4194.17190000000028, 4194.1790000001638
900, 4193.96489999999994, 4193.97900000016398
901, 4193.77170000000024, 4193.77900000016416
902, 4193.57160000000022, 4193.57900000016434
903, 4193.36459999999988, 4193.37900000016452
904, 4193.17140000000018, 4193.17900000016471
905, 4192.97819999999956, 4192.97900000016489
906, 4192.77120000000014, 4192.77900000016507
907, 4192.57799999999952, 4192.57900000016525
908, 4192.37100000000009, 4192.37900000016543
909, 4192.17090000000007, 4192.17900000016562
910, 4191.96389999999974, 4191.9790000001658
911, 4191.77070000000003, 4191.77900000016598
912, 4191.57750000000033, 4191.57900000016616
913, 4191.37049999999999, 4191.37900000016634
914, 4191.17039999999997, 4191.17900000016652
915, 4190.97029999999995, 4190.97900000016671
916, 4190.77710000000025, 4190.77900000016689
917, 4190.57009999999991, 4190.57900000016707
918, 4190.37690000000021, 4190.37900000016725
919, 4190.17680000000018, 4190.17900000016743
920, 4189.96289999999954, 4189.97900000016762
921, 4189.76969999999983, 4189.7790000001678
922, 4189.56959999999981, 4189.57900000016798
923, 4189.36949999999979, 4189.37900000016816
924, 4189.16250000000036, 4189.17900000016834
925, 4188.96929999999975, 4188.97900000016853
926, 4188.78989999999976, 4188.77900000016871
927, 4188.56909999999971, 4188.57900000016889
928, 4188.36899999999969, 4188.37900000016907
929, 4188.16889999999967, 4188.17900000016925
930, 4187.96879999999965, 4187.97900000016944
931, 4187.76180000000022, 4187.77900000016962
932, 4187.57549999999992, 4187.5790000001698
933, 4187.38919999999962, 4187.37900000016998
934, 4187.17529999999988, 4187.17900000017016
935, 4186.97519999999986, 4186.97900000017034
936, 4186.78200000000015, 4186.77900000017053
937, 4186.57499999999982, 4186.57900000017071
938, 4186.3748999999998, 4186.37900000017089
939, 4186.17479999999978, 4186.17900000017107
940, 4185.98849999999948, 4185.97900000017125
941, 4185.76770000000033, 4185.77900000017144
942, 4185.57449999999972, 4185.57900000017162
943, 4185.3743999999997, 4185.3790000001718
944, 4185.17429999999968, 4185.17900000017198
945, 4184.97419999999966, 4184.97900000017216
946, 4184.77409999999963, 4184.77900000017235
947, 4184.58780000000024, 4184.57900000017253
948, 4184.36700000000019, 4184.37900000017271
949, 4184.17379999999957, 4184.17900000017289
950, 4183.97369999999955, 4183.97900000017307
951, 4183.78049999999985, 4183.77900000017326
952, 4183.56660000000011, 4183.57900000017344
953, 4183.37339999999949, 4183.37900000017362
954, 4183.18019999999979, 4183.1790000001738
955, 4182.98009999999977, 4182.97900000017398
956, 4182.77310000000034, 4182.77900000017416
957, 4182.56610000000001, 4182.57900000017435
958, 4182.3729000000003, 4182.37900000017453
959, 4182.17280000000028, 4182.17900000017471
960, 4181.97270000000026, 4181.97900000017489
961, 4181.78639999999996, 4181.77900000017507
962, 4181.57250000000022, 4181.57900000017526
963, 4181.3724000000002, 4181.37900000017544
964, 4181.17230000000018, 4181.17900000017562
965, 4180.97220000000016, 4180.9790000001758
966, 4180.76519999999982, 4180.77900000017598
967, 4180.5650999999998, 4180.57900000017617
968, 4180.3787999999995, 4180.37900000017635
969, 4180.17869999999948, 4180.17900000017653
970, 4179.97170000000006, 4179.97900000017671
971, 4179.77160000000003, 4179.77900000017689
972, 4179.57150000000001, 4179.57900000017707
973, 4179.37139999999999, 4179.37900000017726
974, 4179.17129999999997, 4179.17900000017744
975, 4178.97810000000027, 4178.97900000017762
976, 4178.77109999999993, 4178.7790000001778
977, 4178.57099999999991, 4178.57900000017798
978, 4178.37089999999989, 4178.37900000017817
979, 4178.17079999999987, 4178.17900000017835
980, 4177.97069999999985, 4177.97900000017853
981, 4177.77059999999983, 4177.77900000017871
982, 4177.58429999999953, 4177.57900000017889
983, 4177.37039999999979, 4177.37900000017908
984, 4177.17029999999977, 4177.17900000017926
985, 4176.97019999999975, 4176.97900000017944
986, 4176.77009999999973, 4176.77900000017962
987, 4176.56999999999971, 4176.5790000001798
988, 4176.36300000000028, 4176.37900000017999
989, 4176.17669999999998, 4176.17900000018017
990, 4175.97659999999996, 4175.97900000018035
991, 4175.76959999999963, 4175.77900000018053
992, 4175.56949999999961, 4175.57900000018071
993, 4175.38320000000022, 4175.37900000018089
994, 4175.16240000000016, 4175.17900000018108
995, 4174.96230000000014, 4174.97900000018126
996, 4174.76909999999953, 4174.77900000018144
997, 4174.57589999999982, 4174.57900000018162
998, 4174.36889999999948, 4174.3790000001818
999, 4174.16880000000037, 4174.17900000018199
1000, 4173.97559999999976, 4173.97900000018217
