0.00297, 94.8119, 10.3822, 74, 256
0.00627, 95.0314, 9.81492, 77, 215
0.00957, 95.0927, 9.88912, 76, 212
0.01287, 95.1814, 10.1325, 77, 229
0.01617, 94.8027, 9.68567, 77, 237
0.01947, 95.0521, 10.1693, 75, 230
0.02277, 94.7852, 10.0247, 76, 289
0.02607, 95.5076, 9.89452, 77, 200
0.02937, 95.5849, 9.97267, 76, 198
0.03267, 94.863, 10.2094, 77, 218
0.03597, 95.4922, 10.3615, 74, 240
0.03927, 95.1698, 10.349, 77, 212
0.04257, 95.343, 10.3312, 77, 202
0.04587, 94.8891, 9.96487, 76, 202
0.04917, 95.1128, 10.2228, 74, 215
0.05247, 95.059, 10.0438, 75, 213
0.05577, 94.9852, 9.90394, 75, 214
0.05907, 95.2151, 10.0526, 77, 234
0.06237, 94.9065, 10.2255, 76, 203
0.06567, 95.1573, 9.90794, 77, 195
0.06897, 94.5759, 9.18591, 74, 172
0.07227, 95.1775, 9.91468, 77, 238
0.07557, 95.3995, 9.91159, 77, 205
0.07887, 95.4714, 9.90149, 75, 192
0.08217, 94.8324, 9.80201, 74, 190
0.08547, 94.6544, 9.57984, 76, 201
0.08877, 94.7064, 10.2214, 76, 195
0.09207, 94.6926, 10.2984, 74, 217
0.09537, 94.8935, 10.1236, 75, 206
0.09867, 95.2435, 10.613, 74, 221
0.10197, 95.0087, 9.69399, 76, 195
0.10527, 95.1872, 10.3589, 76, 210
0.10857, 95.3676, 10.6017, 77, 240
0.11187, 94.5706, 9.38963, 77, 190
0.11517, 95.0385, 9.67677, 76, 187
0.11847, 95.3622, 10.0916, 77, 204
0.12177, 95.2359, 9.79209, 78, 198
0.12507, 94.8135, 9.95396, 75, 251
0.12837, 95.5339, 9.80016, 76, 211
0.13167, 94.9878, 9.60381, 74, 184
0.13497, 94.8147, 9.86178, 75, 208
0.13827, 94.5107, 9.72537, 76, 202
0.14157, 95.2436, 9.84912, 77, 203
0.14487, 95.2413, 9.6356, 76, 188
0.14817, 94.9245, 9.66626, 73, 252
0.15147, 95.3079, 10.0323, 75, 199
0.15477, 94.9105, 9.50158, 75, 193
0.15807, 94.9885, 9.90602, 75, 264
0.16137, 95.4491, 10.4345, 77, 214
0.16467, 94.8866, 9.81527, 76, 245
0.16797, 95.1271, 9.57296, 77, 195
0.17127, 95.3414, 9.83879, 72, 214
0.17457, 95.2431, 9.74198, 76, 196
0.17787, 95.696, 10.2617, 76, 222
0.18117, 95.1055, 10.3387, 77, 237
0.18447, 95.2253, 9.7863, 77, 197
0.18777, 94.204, 9.87604, 74, 191
0.19107, 95.1747, 9.43781, 76, 185
0.19437, 95.1086, 9.8961, 78, 208
0.19767, 94.5277, 9.44707, 74, 214
0.20097, 95.3923, 9.94557, 76, 214
0.20427, 94.9395, 9.98116, 75, 281
0.20757, 94.9358, 9.99517, 76, 218
0.21087, 94.9004, 9.89563, 77, 220
0.21417, 94.6967, 9.8179, 77, 204
0.21747, 95.0605, 9.79188, 74, 188
0.22077, 95.2165, 9.51764, 78, 194
0.22407, 95.2303, 9.81407, 76, 188
0.22737, 94.0753, 9.87567, 71, 201
0.23067, 94.9965, 10.0725, 73, 192
0.23397, 94.6681, 9.83775, 78, 231
0.23727, 94.2319, 9.96182, 75, 231
0.24057, 94.5379, 9.3781, 77, 184
0.24387, 94.6607, 10.0096, 76, 204
0.24717, 95.1224, 9.82767, 77, 194
0.25047, 95.1122, 10.0498, 75, 189
0.25377, 95.1178, 9.41403, 74, 183
0.25707, 95.2626, 9.53226, 78, 190
0.26037, 94.6898, 10.1308, 77, 212
0.26367, 95.1177, 10.1939, 74, 226
0.26697, 95.119, 10.1337, 76, 193
0.27027, 95.4548, 9.76412, 76, 193
0.27357, 95.5208, 9.82141, 78, 188
0.27687, 95.7391, 10.1333, 77, 235
0.28017, 95.2728, 9.92533, 77, 207
0.28347, 95.3604, 9.96278, 77, 198
0.28677, 95.251, 10.3379, 76, 238
0.29007, 95.125, 10.4031, 77, 225
0.29337, 95.3346, 10.0343, 76, 185
0.29667, 95.8363, 9.78388, 77, 207
0.29997, 95.8388, 9.93434, 77, 193
0.30327, 95.3182, 9.97362, 77, 201
0.30657, 95.5928, 9.67032, 78, 221
0.30987, 95.2561, 9.94276, 77, 238
0.31317, 95.5901, 9.97341, 75, 199
0.31647, 94.7837, 9.60357, 76, 191
0.31977, 95.4102, 9.67254, 78, 217
0.32307, 94.9923, 9.97923, 73, 200
0.32637, 95.2247, 9.9187, 75, 196
0.32967, 95.4841, 10.6031, 77, 322
0.33297, 95.2759, 9.69253, 77, 226
0.33627, 95.4566, 9.77558, 78, 236
0.33957, 95.0751, 9.34527, 79, 212
0.34287, 95.7312, 9.83927, 76, 202
0.34617, 95.409, 9.85588, 77, 193
0.34947, 95.3639, 9.78549, 77, 213
0.35277, 95.556, 10.2427, 75, 187
0.35607, 94.9924, 10.3283, 75, 209
0.35937, 95.8091, 9.87712, 74, 215
0.36267, 95.2669, 9.89088, 77, 208
0.36597, 95.0514, 9.75364, 75, 200
0.36927, 95.1781, 9.65251, 73, 219
0.37257, 95.0081, 9.99505, 75, 195
0.37587, 94.9945, 9.70547, 75, 199
0.37917, 94.843, 9.74982, 76, 201
0.38247, 94.7966, 9.38537, 78, 184
0.38577, 95.0479, 9.61197, 77, 206
0.38907, 95.2237, 9.89164, 76, 220
0.39237, 95.0867, 9.96848, 77, 218
0.39567, 94.5875, 9.65754, 74, 220
0.39897, 94.7935, 9.9539, 69, 223
0.40227, 95.1652, 10.2578, 77, 253
0.40557, 95.1638, 9.74918, 73, 192
0.40887, 94.071, 9.80363, 75, 193
0.41217, 95.074, 10.2834, 75, 221
0.41547, 94.646, 9.97008, 75, 218
0.41877, 95.1441, 10.2423, 77, 220
0.42207, 94.7522, 9.86135, 76, 226
0.42537, 95.5639, 10.0691, 75, 265
0.42867, 94.74, 9.59662, 75, 183
0.43197, 94.5004, 10.0508, 74, 206
0.43527, 95.2204, 9.73495, 76, 218
0.43857, 94.7501, 9.48813, 72, 225
0.44187, 94.903, 9.63243, 76, 190
0.44517, 94.963, 9.78816, 78, 222
0.44847, 95.237, 9.89741, 78, 226
0.45177, 94.5379, 9.77165, 76, 199
0.45507, 95.3488, 10.0663, 76, 196
0.45837, 95.0125, 9.89892, 77, 189
0.46167, 95.4888, 10.091, 76, 216
0.46497, 95.0095, 9.50326, 75, 214
0.46827, 94.6665, 9.75464, 71, 201
0.47157, 95.1048, 10.3038, 75, 227
0.47487, 94.7991, 9.56561, 77, 213
0.47817, 95.0408, 9.7357, 74, 191
0.48147, 95.132, 9.70806, 77, 237
0.48477, 95.4547, 9.83953, 77, 181
0.48807, 95.2964, 10.0416, 74, 197
0.49137, 95.0328, 9.65054, 76, 236
0.49467, 95.0371, 9.69169, 77, 205
0.49797, 94.9947, 9.7956, 78, 277
0.50127, 94.9526, 10.0183, 75, 249
0.50457, 94.7707, 9.89484, 74, 208
0.50787, 95.099, 10.208, 73, 204
0.51117, 95.0332, 9.60616, 75, 236
0.51447, 94.5309, 9.89551, 75, 228
0.51777, 95.2887, 10.2107, 76, 222
0.52107, 95.0613, 9.76868, 75, 233
0.52437, 95.0298, 9.60918, 75, 251
0.52767, 95.0461, 9.82707, 77, 205
0.53097, 95.357, 10.0067, 75, 200
0.53427, 95.4826, 9.40168, 75, 208
0.53757, 95.075, 10.0915, 76, 267
0.54087, 95.3417, 9.69169, 77, 212
0.54417, 95.6262, 9.62638, 77, 202
0.54747, 95.4759, 9.78819, 76, 209
0.55077, 95.3371, 9.7943, 75, 220
0.55407, 94.9405, 9.42478, 77, 185
0.55737, 95.6288, 9.55707, 74, 206
0.56067, 95.7323, 10.2706, 72, 197
0.56397, 95.5228, 9.60446, 77, 198
0.56727, 94.8501, 10.0653, 73, 200
0.57057, 95.1518, 9.6965, 73, 210
0.57387, 94.882, 9.765, 76, 220
0.57717, 95.4496, 9.88135, 76, 196
0.58047, 95.609, 9.7361, 75, 189
0.58377, 94.9871, 9.66279, 76, 210
0.58707, 95.0911, 9.55, 75, 201
0.59037, 95.6169, 10.1696, 77, 220
0.59367, 95.3259, 10.2983, 75, 286
0.59697, 94.991, 10.1096, 77, 200
0.60027, 94.932, 9.57044, 75, 199
0.60357, 95.449, 9.45497, 76, 189
0.60687, 95.1738, 9.66196, 76, 193
0.61017, 95.4848, 9.92437, 77, 190
0.61347, 95.3184, 10.0532, 76, 206
0.61677, 95.1344, 9.77777, 77, 194
0.62007, 95.2137, 10.2044, 75, 217
0.62337, 95.1971, 9.94598, 75, 215
0.62667, 95.0465, 9.69595, 76, 200
0.62997, 95.3801, 9.76702, 78, 229
0.63327, 95.298, 9.45621, 73, 200
0.63657, 95.2883, 10.1151, 78, 207
0.63987, 95.6449, 10.1472, 76, 203
0.64317, 95.3326, 10.1463, 73, 210
0.64647, 95.2189, 9.31056, 74, 186
0.64977, 95.334, 10.2665, 76, 183
0.65307, 95.403, 10.0616, 74, 240
0.65637, 95.2249, 10.2281, 74, 217
0.65967, 95.3814, 9.23006, 74, 200
