#! time [s],	camera1/temperature_degC,	laser1/line1/measured_power,	laser1/line1/set_power,	laser2/line1/measured_power,	laser2/line1/set_power,	stagex/position,	stagex/velocity,	stagey/position,	stagey/velocity,	stagez/position,	stagez/velocity,	transmission/line1/measured_power,	transmission/line1/set_power
0,	-77.949,	25,	25,	25,	25,	-614.873,	0,	2200.47,	0,	2086.52,	0,	0,	356
0.557,	-77.949,	25,	25,	25,	25,	-614.873,	0,	2200.47,	0,	2086.52,	0,	0,	356
1.164,	-77.949,	25,	25,	25,	25,	-614.873,	0,	2200.47,	0,	2086.52,	0,	0,	356
1.715,	-77.949,	25,	25,	25,	25,	-614.873,	0,	2200.47,	0,	2086.52,	0,	0,	356
2.273,	-77.949,	25,	25,	25,	25,	-614.873,	0,	2200.47,	0,	2086.52,	0,	0,	356
2.827,	-77.949,	25,	25,	25,	25,	-614.873,	0,	2200.47,	0,	2086.52,	0,	0,	356
3.427,	-77.949,	25,	25,	25,	25,	-614.873,	0,	2200.47,	0,	2086.52,	0,	0,	356
4.007,	-77.949,	25,	25,	25,	25,	-614.873,	0,	2200.47,	0,	2086.52,	0,	0,	356
4.579,	-77.949,	25,	25,	25,	25,	-614.873,	0,	2200.47,	0,	2086.52,	0,	0,	356
5.198,	-77.949,	25,	25,	25,	25,	-614.873,	0,	2200.47,	0,	2086.52,	0,	0,	356
5.77,	-77.949,	25,	25,	25,	25,	-614.873,	0,	2200.47,	0,	2086.52,	0,	0,	356
6.33,	-77.949,	25,	25,	25,	25,	-614.873,	0,	2200.47,	0,	2086.52,	0,	0,	356
6.943,	-77.949,	25,	25,	25,	25,	-614.873,	0,	2200.47,	0,	2086.52,	0,	0,	356
7.522,	-77.949,	25,	25,	25,	25,	-614.873,	0,	2200.47,	0,	2086.52,	0,	0,	356
8.084,	-77.949,	25,	25,	25,	25,	-614.873,	0,	2200.47,	0,	2086.52,	0,	0,	356
8.676,	-77.949,	25,	25,	25,	25,	-614.873,	0,	2200.47,	0,	2086.52,	0,	0,	356
9.234,	-77.949,	25,	25,	25,	25,	-614.873,	0,	2200.47,	0,	2086.52,	0,	0,	356
9.799,	-77.949,	25,	25,	25,	25,	-614.873,	0,	2200.47,	0,	2086.52,	0,	0,	356
10.345,	-77.949,	25,	25,	25,	25,	-614.873,	0,	2200.47,	0,	2086.52,	0,	0,	356
10.908,	-77.949,	25,	25,	25,	25,	-614.873,	0,	2200.47,	0,	2086.52,	0,	0,	356
11.465,	-77.949,	25,	25,	25,	25,	-614.873,	0,	2200.47,	0,	2086.52,	0,	0,	356
12.019,	-77.949,	25,	25,	25,	25,	-614.873,	0,	2200.47,	0,	2086.52,	0,	0,	356
12.581,	-77.949,	25,	25,	25,	25,	-614.873,	0,	2200.47,	0,	2086.52,	0,	0,	356
13.176,	-77.949,	25,	25,	25,	25,	-614.873,	0,	2200.47,	0,	2086.52,	0,	0,	356
13.731,	-77.949,	25,	25,	25,	25,	-614.873,	0,	2200.47,	0,	2086.52,	0,	0,	356
14.3,	-77.949,	25,	25,	25,	25,	-614.873,	0,	2200.47,	0,	2086.52,	0,	0,	356
14.896,	-77.949,	25,	25,	25,	25,	-614.873,	0,	2200.47,	0,	2086.52,	0,	0,	356
15.489,	-77.949,	25,	25,	25,	25,	-614.873,	0,	2200.47,	0,	2086.52,	0,	0,	356
16.074,	-77.949,	25,	25,	25,	25,	-614.873,	0,	2200.47,	0,	2086.52,	0,	0,	356
16.676,	-77.949,	25,	25,	25,	25,	-614.873,	0,	2200.47,	0,	2086.52,	0,	0,	356
17.233,	-77.949,	25,	25,	25,	25,	-614.873,	0,	2200.47,	0,	2086.52,	0,	0,	356
17.781,	-77.949,	25,	25,	25,	25,	-614.873,	0,	2200.47,	0,	2086.52,	0,	0,	356
18.349,	-77.949,	25,	25,	25,	25,	-614.873,	0,	2200.47,	0,	2086.52,	0,	0,	356
18.937,	-77.949,	25,	25,	25,	25,	-614.873,	0,	2200.47,	0,	2086.52,	0,	0,	356
19.503,	-77.949,	25,	25,	25,	25,	-614.873,	0,	2200.47,	0,	2086.52,	0,	0,	356
20.087,	-77.949,	25,	25,	25,	25,	-614.873,	0,	2200.47,	0,	2086.52,	0,	0,	356
20.685,	-77.949,	25,	25,	25,	25,	-614.873,	0,	2200.47,	0,	2086.52,	0,	0,	356
21.255,	-77.949,	25,	25,	25,	25,	-614.873,	0,	2200.47,	0,	2086.52,	0,	0,	356
21.843,	-77.949,	25,	25,	25,	25,	-614.873,	0,	2200.47,	0,	2086.52,	0,	0,	356
22.438,	-77.949,	25,	25,	25,	25,	-614.873,	0,	2200.47,	0,	2086.52,	0,	0,	356
23.007,	-77.949,	25,	25,	25,	25,	-614.873,	0,	2200.47,	0,	2086.52,	0,	0,	356
23.59,	-77.949,	25,	25,	25,	25,	-614.873,	0,	2200.47,	0,	2086.52,	0,	0,	356
24.194,	-77.949,	25,	25,	25,	25,	-614.873,	0,	2200.47,	0,	2086.52,	0,	0,	356
24.782,	-77.949,	25,	25,	25,	25,	-614.873,	0,	2200.47,	0,	2086.52,	0,	0,	356
25.365,	-77.949,	25,	25,	25,	25,	-614.873,	0,	2200.47,	0,	2086.52,	0,	0,	356
25.959,	-77.949,	25,	25,	25,	25,	-614.873,	0,	2200.47,	0,	2086.52,	0,	0,	356
26.535,	-77.949,	25,	25,	25,	25,	-614.873,	0,	2200.47,	0,	2086.52,	0,	0,	356
27.112,	-77.949,	25,	25,	25,	25,	-614.873,	0,	2200.47,	0,	2086.52,	0,	0,	356
27.7,	-77.949,	25,	25,	25,	25,	-614.873,	0,	2200.47,	0,	2086.52,	0,	0,	356
28.279,	-77.949,	25,	25,	25,	25,	-614.873,	0,	2200.47,	0,	2086.52,	0,	0,	356
28.855,	-77.949,	25,	25,	25,	25,	-614.873,	0,	2200.47,	0,	2086.52,	0,	0,	356
29.434,	-77.949,	25,	25,	25,	25,	-614.873,	0,	2200.47,	0,	2086.52,	0,	0,	356
30.004,	-77.949,	25,	25,	25,	25,	-614.873,	0,	2200.47,	0,	2086.52,	0,	0,	356
30.583,	-77.949,	25,	25,	25,	25,	-614.873,	0,	2200.47,	0,	2086.52,	0,	0,	356
31.184,	-77.949,	25,	25,	25,	25,	-614.873,	0,	2200.47,	0,	2086.52,	0,	0,	356
31.741,	-77.949,	25,	25,	25,	25,	-614.873,	0,	2200.47,	0,	2086.52,	0,	0,	356
32.302,	-77.949,	25,	25,	25,	25,	-614.873,	0,	2200.47,	0,	2086.52,	0,	0,	356
32.927,	-77.949,	25,	25,	25,	25,	-614.873,	0,	2200.47,	0,	2086.52,	0,	0,	356
33.493,	-77.949,	25,	25,	25,	25,	-614.873,	0,	2200.47,	0,	2086.52,	0,	0,	356
34.093,	-77.949,	25,	25,	25,	25,	-614.873,	0,	2200.47,	0,	2086.52,	0,	0,	356
34.693,	-77.949,	25,	25,	25,	25,	-614.873,	0,	2200.47,	0,	2086.52,	0,	0,	356
35.309,	-77.949,	25,	25,	25,	25,	-614.873,	0,	2200.47,	0,	2086.52,	0,	0,	356
35.884,	-77.949,	25,	25,	25,	25,	-614.873,	0,	2200.47,	0,	2086.52,	0,	0,	356
36.473,	-77.949,	25,	25,	25,	25,	-614.873,	0,	2200.47,	0,	2086.52,	0,	0,	356
37.071,	-77.949,	25,	25,	25,	25,	-614.873,	0,	2200.47,	0,	2086.52,	0,	0,	356
37.666,	-77.949,	25,	25,	25,	25,	-614.873,	0,	2200.47,	0,	2086.52,	0,	0,	356
38.223,	-77.949,	25,	25,	25,	25,	-614.873,	0,	2200.47,	0,	2086.52,	0,	0,	356
38.783,	-77.949,	25,	25,	25,	25,	-614.873,	0,	2200.47,	0,	2086.52,	0,	0,	356
39.373,	-77.949,	25,	25,	25,	25,	-614.873,	0,	2200.47,	0,	2086.52,	0,	0,	356
39.974,	-77.949,	25,	25,	25,	25,	-614.873,	0,	2200.47,	0,	2086.52,	0,	0,	356
40.567,	-77.949,	25,	25,	25,	25,	-614.873,	0,	2200.47,	0,	2086.52,	0,	0,	356
41.127,	-77.949,	25,	25,	25,	25,	-614.873,	0,	2200.47,	0,	2086.52,	0,	0,	356
41.733,	-77.949,	25,	25,	25,	25,	-614.873,	0,	2200.47,	0,	2086.52,	0,	0,	356
42.322,	-77.949,	25,	25,	25,	25,	-614.873,	0,	2200.47,	0,	2086.52,	0,	0,	356
42.943,	-77.949,	25,	25,	25,	25,	-614.873,	0,	2200.47,	0,	2086.52,	0,	0,	356
43.513,	-77.949,	25,	25,	25,	25,	-614.873,	0,	2200.47,	0,	2086.52,	0,	0,	356
44.103,	-77.949,	25,	25,	25,	25,	-614.873,	0,	2200.47,	0,	2086.52,	0,	0,	356
44.709,	-77.949,	25,	25,	25,	25,	-614.873,	0,	2200.47,	0,	2086.52,	0,	0,	356
45.294,	-77.949,	25,	25,	25,	25,	-614.873,	0,	2200.47,	0,	2086.52,	0,	0,	356
45.872,	-77.949,	25,	25,	25,	25,	-614.873,	0,	2200.47,	0,	2086.52,	0,	0,	356
46.447,	-77.949,	25,	25,	25,	25,	-614.873,	0,	2200.47,	0,	2086.52,	0,	0,	356
47.012,	-77.949,	25,	25,	25,	25,	-614.873,	0,	2200.47,	0,	2086.52,	0,	0,	356
47.619,	-77.949,	25,	25,	25,	25,	-614.873,	0,	2200.47,	0,	2086.52,	0,	0,	356
48.212,	-77.949,	25,	25,	25,	25,	-614.873,	0,	2200.47,	0,	2086.52,	0,	0,	356
48.804,	-77.949,	25,	25,	25,	25,	-614.873,	0,	2200.47,	0,	2086.52,	0,	0,	356
49.404,	-77.949,	25,	25,	25,	25,	-614.873,	0,	2200.47,	0,	2086.52,	0,	0,	356
49.991,	-77.949,	25,	25,	25,	25,	-614.873,	0,	2200.47,	0,	2086.52,	0,	0,	356
50.602,	-77.949,	25,	25,	25,	25,	-614.873,	0,	2200.47,	0,	2086.52,	0,	0,	356
51.225,	-77.949,	25,	25,	25,	25,	-614.873,	0,	2200.47,	0,	2086.52,	0,	0,	356
51.821,	-77.949,	25,	25,	25,	25,	-614.873,	0,	2200.47,	0,	2086.52,	0,	0,	356
52.416,	-77.949,	25,	25,	25,	25,	-614.873,	0,	2200.47,	0,	2086.52,	0,	0,	356
53.015,	-77.949,	25,	25,	25,	25,	-614.873,	0,	2200.47,	0,	2086.52,	0,	0,	356
53.605,	-77.949,	25,	25,	25,	25,	-614.873,	0,	2200.47,	0,	2086.52,	0,	0,	356
54.209,	-77.949,	25,	25,	25,	25,	-614.873,	0,	2200.47,	0,	2086.52,	0,	0,	356
54.805,	-77.949,	25,	25,	25,	25,	-614.873,	0,	2200.47,	0,	2086.52,	0,	0,	356
55.411,	-77.949,	25,	25,	25,	25,	-614.873,	0,	2200.47,	0,	2086.52,	0,	0,	356
55.997,	-77.949,	25,	25,	25,	25,	-614.873,	0,	2200.47,	0,	2086.52,	0,	0,	356
56.588,	-77.949,	25,	25,	25,	25,	-614.873,	0,	2200.47,	0,	2086.52,	0,	0,	356
57.183,	-77.949,	25,	25,	25,	25,	-614.873,	0,	2200.47,	0,	2086.52,	0,	0,	356
57.784,	-77.949,	25,	25,	25,	25,	-614.873,	0,	2200.47,	0,	2086.52,	0,	0,	356
58.384,	-77.949,	25,	25,	25,	25,	-614.873,	0,	2200.47,	0,	2086.52,	0,	0,	356
58.98,	-77.949,	25,	25,	25,	25,	-614.873,	0,	2200.47,	0,	2086.52,	0,	0,	356
59.569,	-77.949,	25,	25,	25,	25,	-614.873,	0,	2200.47,	0,	2086.52,	0,	0,	356
60.165,	-77.949,	25,	25,	25,	25,	-614.873,	0,	2200.47,	0,	2086.52,	0,	0,	356
60.773,	-77.949,	25,	25,	25,	25,	-614.873,	0,	2200.47,	0,	2086.52,	0,	0,	356
61.356,	-77.949,	25,	25,	25,	25,	-614.873,	0,	2200.47,	0,	2086.52,	0,	0,	356
61.955,	-77.949,	25,	25,	25,	25,	-614.873,	0,	2200.47,	0,	2086.52,	0,	0,	356
62.547,	-77.949,	25,	25,	25,	25,	-614.873,	0,	2200.47,	0,	2086.52,	0,	0,	356
63.146,	-77.949,	25,	25,	25,	25,	-614.873,	0,	2200.47,	0,	2086.52,	0,	0,	356
63.742,	-77.949,	25,	25,	25,	25,	-614.873,	0,	2200.47,	0,	2086.52,	0,	0,	356
64.345,	-77.949,	25,	25,	25,	25,	-614.873,	0,	2200.47,	0,	2086.52,	0,	0,	356
64.948,	-77.949,	25,	25,	25,	25,	-614.873,	0,	2200.47,	0,	2086.52,	0,	0,	356
65.526,	-77.949,	25,	25,	25,	25,	-614.873,	0,	2200.47,	0,	2086.52,	0,	0,	356
66.132,	-77.949,	25,	25,	25,	25,	-614.873,	0,	2200.47,	0,	2086.52,	0,	0,	356
66.724,	-77.949,	25,	25,	25,	25,	-614.873,	0,	2200.47,	0,	2086.52,	0,	0,	356
67.333,	-77.949,	25,	25,	25,	25,	-614.873,	0,	2200.47,	0,	2086.52,	0,	0,	356
67.921,	-77.949,	25,	25,	25,	25,	-614.873,	0,	2200.47,	0,	2086.52,	0,	0,	356
68.51,	-77.949,	25,	25,	25,	25,	-614.873,	0,	2200.47,	0,	2086.52,	0,	0,	356
69.113,	-77.949,	25,	25,	25,	25,	-614.873,	0,	2200.47,	0,	2086.52,	0,	0,	356
69.743,	-77.949,	25,	25,	25,	25,	-614.873,	0,	2200.47,	0,	2086.52,	0,	0,	356
70.333,	-77.949,	25,	25,	25,	25,	-614.873,	0,	2200.47,	0,	2086.52,	0,	0,	356
70.939,	-77.949,	25,	25,	25,	25,	-614.873,	0,	2200.47,	0,	2086.52,	0,	0,	356
71.531,	-77.949,	25,	25,	25,	25,	-614.873,	0,	2200.47,	0,	2086.52,	0,	0,	356
72.131,	-77.949,	25,	25,	25,	25,	-614.873,	0,	2200.47,	0,	2086.52,	0,	0,	356
72.759,	-77.949,	25,	25,	25,	25,	-614.873,	0,	2200.47,	0,	2086.52,	0,	0,	356
73.354,	-77.949,	25,	25,	25,	25,	-614.873,	0,	2200.47,	0,	2086.52,	0,	0,	356
73.955,	-77.949,	25,	25,	25,	25,	-614.873,	0,	2200.47,	0,	2086.52,	0,	0,	356
74.513,	-77.949,	25,	25,	25,	25,	-614.873,	0,	2200.47,	0,	2086.52,	0,	0,	356
75.074,	-77.949,	25,	25,	25,	25,	-614.873,	0,	2200.47,	0,	2086.52,	0,	0,	356
75.623,	-77.949,	25,	25,	25,	25,	-614.873,	0,	2200.47,	0,	2086.52,	0,	0,	356
76.223,	-77.949,	25,	25,	25,	25,	-614.873,	0,	2200.47,	0,	2086.52,	0,	0,	356
76.788,	-77.949,	25,	25,	25,	25,	-614.873,	0,	2200.47,	0,	2086.52,	0,	0,	356
77.336,	-77.949,	25,	25,	25,	25,	-614.873,	0,	2200.47,	0,	2086.52,	0,	0,	356
77.894,	-77.949,	25,	25,	25,	25,	-614.873,	0,	2200.47,	0,	2086.52,	0,	0,	356
78.448,	-77.949,	25,	25,	25,	25,	-614.873,	0,	2200.47,	0,	2086.52,	0,	0,	356
79.006,	-77.949,	25,	25,	25,	25,	-614.873,	0,	2200.47,	0,	2086.52,	0,	0,	356
79.563,	-77.949,	25,	25,	25,	25,	-614.873,	0,	2200.47,	0,	2086.52,	0,	0,	356
80.115,	-77.949,	25,	25,	25,	25,	-614.873,	0,	2200.47,	0,	2086.52,	0,	0,	356
80.713,	-77.949,	25,	25,	25,	25,	-614.873,	0,	2200.47,	0,	2086.52,	0,	0,	356
81.276,	-77.949,	25,	25,	25,	25,	-614.873,	0,	2200.47,	0,	2086.52,	0,	0,	356
81.831,	-77.949,	25,	25,	25,	25,	-614.873,	0,	2200.47,	0,	2086.52,	0,	0,	356
82.389,	-77.949,	25,	25,	25,	25,	-614.873,	0,	2200.47,	0,	2086.52,	0,	0,	356
82.944,	-77.949,	25,	25,	25,	25,	-614.873,	0,	2200.47,	0,	2086.52,	0,	0,	356
83.51,	-77.949,	25,	25,	25,	25,	-614.873,	0,	2200.47,	0,	2086.52,	0,	0,	356
84.062,	-77.949,	25,	25,	25,	25,	-614.873,	0,	2200.47,	0,	2086.52,	0,	0,	356
84.615,	-77.949,	25,	25,	25,	25,	-614.873,	0,	2200.47,	0,	2086.52,	0,	0,	356
85.181,	-77.949,	25,	25,	25,	25,	-614.873,	0,	2200.47,	0,	2086.52,	0,	0,	356
85.733,	-77.949,	25,	25,	25,	25,	-614.873,	0,	2200.47,	0,	2086.52,	0,	0,	356
86.292,	-77.949,	25,	25,	25,	25,	-614.873,	0,	2200.47,	0,	2086.52,	0,	0,	356
86.845,	-77.949,	25,	25,	25,	25,	-614.873,	0,	2200.47,	0,	2086.52,	0,	0,	356
87.402,	-77.949,	25,	25,	25,	25,	-614.873,	0,	2200.47,	0,	2086.52,	0,	0,	356
87.981,	-77.949,	25,	25,	25,	25,	-614.873,	0,	2200.47,	0,	2086.52,	0,	0,	356
88.513,	-77.949,	25,	25,	25,	25,	-614.873,	0,	2200.47,	0,	2086.52,	0,	0,	356
89.072,	-77.949,	25,	25,	25,	25,	-614.873,	0,	2200.47,	0,	2086.52,	0,	0,	356
89.643,	-77.949,	25,	25,	25,	25,	-614.873,	0,	2200.47,	0,	2086.52,	0,	0,	356
90.229,	-77.949,	25,	25,	25,	25,	-614.873,	0,	2200.47,	0,	2086.52,	0,	0,	356
90.795,	-77.949,	25,	25,	25,	25,	-614.873,	0,	2200.47,	0,	2086.52,	0,	0,	356
91.34,	-77.949,	25,	25,	25,	25,	-614.873,	0,	2200.47,	0,	2086.52,	0,	0,	356
91.912,	-77.949,	25,	25,	25,	25,	-614.873,	0,	2200.47,	0,	2086.52,	0,	0,	356
92.503,	-77.949,	25,	25,	25,	25,	-614.873,	0,	2200.47,	0,	2086.52,	0,	0,	356
93.062,	-77.949,	25,	25,	25,	25,	-614.873,	0,	2200.47,	0,	2086.52,	0,	0,	356
93.615,	-77.949,	25,	25,	25,	25,	-614.873,	0,	2200.47,	0,	2086.52,	0,	0,	356
94.173,	-77.949,	25,	25,	25,	25,	-614.873,	0,	2200.47,	0,	2086.52,	0,	0,	356
94.725,	-77.949,	25,	25,	25,	25,	-614.873,	0,	2200.47,	0,	2086.52,	0,	0,	356
95.289,	-77.949,	25,	25,	25,	25,	-614.873,	0,	2200.47,	0,	2086.52,	0,	0,	356
95.835,	-77.949,	25,	25,	25,	25,	-614.873,	0,	2200.47,	0,	2086.52,	0,	0,	356
96.396,	-77.949,	25,	25,	25,	25,	-614.873,	0,	2200.47,	0,	2086.52,	0,	0,	356
97.003,	-77.949,	25,	25,	25,	25,	-614.873,	0,	2200.47,	0,	2086.52,	0,	0,	356
97.55,	-77.949,	25,	25,	25,	25,	-614.873,	0,	2200.47,	0,	2086.52,	0,	0,	356
98.114,	-77.949,	25,	25,	25,	25,	-614.873,	0,	2200.47,	0,	2086.52,	0,	0,	356
98.664,	-77.949,	25,	25,	25,	25,	-614.873,	0,	2200.47,	0,	2086.52,	0,	0,	356
99.222,	-77.949,	25,	25,	25,	25,	-614.873,	0,	2200.47,	0,	2086.52,	0,	0,	356
99.791,	-77.949,	25,	25,	25,	25,	-614.873,	0,	2200.47,	0,	2086.52,	0,	0,	356
100.369,	-77.949,	25,	25,	25,	25,	-614.873,	0,	2200.47,	0,	2086.52,	0,	0,	356
100.935,	-77.949,	25,	25,	25,	25,	-614.873,	0,	2200.47,	0,	2086.52,	0,	0,	356
101.495,	-77.949,	25,	25,	25,	25,	-614.873,	0,	2200.47,	0,	2086.52,	0,	0,	356
102.045,	-77.949,	25,	25,	25,	25,	-614.873,	0,	2200.47,	0,	2086.52,	0,	0,	356
102.61,	-77.949,	25,	25,	25,	25,	-614.873,	0,	2200.47,	0,	2086.52,	0,	0,	356
103.203,	-77.949,	25,	25,	25,	25,	-614.873,	0,	2200.47,	0,	2086.52,	0,	0,	356
103.761,	-77.949,	25,	25,	25,	25,	-614.873,	0,	2200.47,	0,	2086.52,	0,	0,	356
104.313,	-77.949,	25,	25,	25,	25,	-614.873,	0,	2200.47,	0,	2086.52,	0,	0,	356
104.873,	-77.949,	25,	25,	25,	25,	-614.873,	0,	2200.47,	0,	2086.52,	0,	0,	356
105.474,	-77.949,	25,	25,	25,	25,	-614.873,	0,	2200.47,	0,	2086.52,	0,	0,	356
106.05,	-77.949,	25,	25,	25,	25,	-614.873,	0,	2200.47,	0,	2086.52,	0,	0,	356
106.627,	-77.949,	25,	25,	25,	25,	-614.873,	0,	2200.47,	0,	2086.52,	0,	0,	356
107.187,	-77.949,	25,	25,	25,	25,	-614.873,	0,	2200.47,	0,	2086.52,	0,	0,	356
107.73,	-77.949,	25,	25,	25,	25,	-614.873,	0,	2200.47,	0,	2086.52,	0,	0,	356
108.301,	-77.949,	25,	25,	25,	25,	-614.873,	0,	2200.47,	0,	2086.52,	0,	0,	356
108.848,	-77.949,	25,	25,	25,	25,	-614.873,	0,	2200.47,	0,	2086.52,	0,	0,	356
109.406,	-77.949,	25,	25,	25,	25,	-614.873,	0,	2200.47,	0,	2086.52,	0,	0,	356
110.034,	-77.949,	25,	25,	25,	25,	-614.873,	0,	2200.47,	0,	2086.52,	0,	0,	356
110.597,	-77.949,	25,	25,	25,	25,	-614.873,	0,	2200.47,	0,	2086.52,	0,	0,	356
111.166,	-77.949,	25,	25,	25,	25,	-614.873,	0,	2200.47,	0,	2086.52,	0,	0,	356
111.751,	-77.949,	25,	25,	25,	25,	-614.873,	0,	2200.47,	0,	2086.52,	0,	0,	356
112.31,	-77.949,	25,	25,	25,	25,	-614.873,	0,	2200.47,	0,	2086.52,	0,	0,	356
112.902,	-77.949,	25,	25,	25,	25,	-614.873,	0,	2200.47,	0,	2086.52,	0,	0,	356
113.502,	-77.949,	25,	25,	25,	25,	-614.873,	0,	2200.47,	0,	2086.52,	0,	0,	356
114.067,	-77.949,	25,	25,	25,	25,	-614.873,	0,	2200.47,	0,	2086.52,	0,	0,	356
114.617,	-77.949,	25,	25,	25,	25,	-614.873,	0,	2200.47,	0,	2086.52,	0,	0,	356
115.171,	-77.949,	25,	25,	25,	25,	-614.873,	0,	2200.47,	0,	2086.52,	0,	0,	356
115.789,	-77.949,	25,	25,	25,	25,	-614.873,	0,	2200.47,	0,	2086.52,	0,	0,	356
116.367,	-77.949,	25,	25,	25,	25,	-614.873,	0,	2200.47,	0,	2086.52,	0,	0,	356
116.923,	-77.949,	25,	25,	25,	25,	-614.873,	0,	2200.47,	0,	2086.52,	0,	0,	356
117.546,	-77.949,	25,	25,	25,	25,	-614.873,	0,	2200.47,	0,	2086.52,	0,	0,	356
118.118,	-77.949,	25,	25,	25,	25,	-614.873,	0,	2200.47,	0,	2086.52,	0,	0,	356
118.673,	-77.949,	25,	25,	25,	25,	-614.873,	0,	2200.47,	0,	2086.52,	0,	0,	356
119.27,	-77.949,	25,	25,	25,	25,	-614.873,	0,	2200.47,	0,	2086.52,	0,	0,	356
119.839,	-77.949,	25,	25,	25,	25,	-614.873,	0,	2200.47,	0,	2086.52,	0,	0,	356
120.435,	-77.949,	25,	25,	25,	25,	-614.873,	0,	2200.47,	0,	2086.52,	0,	0,	356
121.025,	-77.949,	25,	25,	25,	25,	-614.873,	0,	2200.47,	0,	2086.52,	0,	0,	356
121.587,	-77.949,	25,	25,	25,	25,	-614.873,	0,	2200.47,	0,	2086.52,	0,	0,	356
122.178,	-77.949,	25,	25,	25,	25,	-614.873,	0,	2200.47,	0,	2086.52,	0,	0,	356
122.777,	-77.949,	25,	25,	25,	25,	-614.873,	0,	2200.47,	0,	2086.52,	0,	0,	356
123.383,	-77.949,	25,	25,	25,	25,	-614.873,	0,	2200.47,	0,	2086.52,	0,	0,	356
123.968,	-77.949,	25,	25,	25,	25,	-614.873,	0,	2200.47,	0,	2086.52,	0,	0,	356
124.554,	-77.949,	25,	25,	25,	25,	-614.873,	0,	2200.47,	0,	2086.52,	0,	0,	356
125.115,	-77.949,	25,	25,	25,	25,	-614.873,	0,	2200.47,	0,	2086.52,	0,	0,	356
125.735,	-77.949,	25,	25,	25,	25,	-614.873,	0,	2200.47,	0,	2086.52,	0,	0,	356
126.312,	-77.949,	25,	25,	25,	25,	-614.873,	0,	2200.47,	0,	2086.52,	0,	0,	356
126.905,	-77.949,	25,	25,	25,	25,	-614.873,	0,	2200.47,	0,	2086.52,	0,	0,	356
127.499,	-77.949,	25,	25,	25,	25,	-614.873,	0,	2200.47,	0,	2086.52,	0,	0,	356
128.061,	-77.949,	25,	25,	25,	25,	-614.873,	0,	2200.47,	0,	2086.52,	0,	0,	356
128.656,	-77.949,	25,	25,	25,	25,	-614.873,	0,	2200.47,	0,	2086.52,	0,	0,	356
129.241,	-77.949,	25,	25,	25,	25,	-614.873,	0,	2200.47,	0,	2086.52,	0,	0,	356
129.81,	-77.949,	25,	25,	25,	25,	-614.873,	0,	2200.47,	0,	2086.52,	0,	0,	356
130.399,	-77.949,	25,	25,	25,	25,	-614.873,	0,	2200.47,	0,	2086.52,	0,	0,	356
131,	-77.949,	25,	25,	25,	25,	-614.873,	0,	2200.47,	0,	2086.52,	0,	0,	356
131.611,	-77.949,	25,	25,	25,	25,	-614.873,	0,	2200.47,	0,	2086.52,	0,	0,	356
132.19,	-77.949,	25,	25,	25,	25,	-614.873,	0,	2200.47,	0,	2086.52,	0,	0,	356
132.791,	-77.949,	25,	25,	25,	25,	-614.873,	0,	2200.47,	0,	2086.52,	0,	0,	356
133.381,	-77.949,	25,	25,	25,	25,	-614.873,	0,	2200.47,	0,	2086.52,	0,	0,	356
133.939,	-77.949,	25,	25,	25,	25,	-614.873,	0,	2200.47,	0,	2086.52,	0,	0,	356
134.542,	-77.949,	25,	25,	25,	25,	-614.873,	0,	2200.47,	0,	2086.52,	0,	0,	356
135.132,	-77.949,	25,	25,	25,	25,	-614.873,	0,	2200.47,	0,	2086.52,	0,	0,	356
135.695,	-77.949,	25,	25,	25,	25,	-614.873,	0,	2200.47,	0,	2086.52,	0,	0,	356
136.287,	-77.949,	25,	25,	25,	25,	-614.873,	0,	2200.47,	0,	2086.52,	0,	0,	356
136.877,	-77.949,	25,	25,	25,	25,	-614.873,	0,	2200.47,	0,	2086.52,	0,	0,	356
137.445,	-77.949,	25,	25,	25,	25,	-614.873,	0,	2200.47,	0,	2086.52,	0,	0,	356
138.035,	-77.949,	25,	25,	25,	25,	-614.873,	0,	2200.47,	0,	2086.52,	0,	0,	356
138.635,	-77.949,	25,	25,	25,	25,	-614.873,	0,	2200.47,	0,	2086.52,	0,	0,	356
139.228,	-77.949,	25,	25,	25,	25,	-614.873,	0,	2200.47,	0,	2086.52,	0,	0,	356
139.843,	-77.949,	25,	25,	25,	25,	-614.873,	0,	2200.47,	0,	2086.52,	0,	0,	356
140.427,	-77.949,	25,	25,	25,	25,	-614.873,	0,	2200.47,	0,	2086.52,	0,	0,	356
141.022,	-77.949,	25,	25,	25,	25,	-614.873,	0,	2200.47,	0,	2086.52,	0,	0,	356
141.62,	-77.949,	25,	25,	25,	25,	-614.873,	0,	2200.47,	0,	2086.52,	0,	0,	356
142.203,	-77.949,	25,	25,	25,	25,	-614.873,	0,	2200.47,	0,	2086.52,	0,	0,	356
142.828,	-77.949,	25,	25,	25,	25,	-614.873,	0,	2200.47,	0,	2086.52,	0,	0,	356
143.406,	-77.949,	25,	25,	25,	25,	-614.873,	0,	2200.47,	0,	2086.52,	0,	0,	356
143.995,	-77.949,	25,	25,	25,	25,	-614.873,	0,	2200.47,	0,	2086.52,	0,	0,	356
144.602,	-77.949,	25,	25,	25,	25,	-614.873,	0,	2200.47,	0,	2086.52,	0,	0,	356
145.187,	-77.949,	25,	25,	25,	25,	-614.873,	0,	2200.47,	0,	2086.52,	0,	0,	356
145.806,	-77.949,	25,	25,	25,	25,	-614.873,	0,	2200.47,	0,	2086.52,	0,	0,	356
146.379,	-77.949,	25,	25,	25,	25,	-614.873,	0,	2200.47,	0,	2086.52,	0,	0,	356
146.939,	-77.949,	25,	25,	25,	25,	-614.873,	0,	2200.47,	0,	2086.52,	0,	0,	356
147.557,	-77.949,	25,	25,	25,	25,	-614.873,	0,	2200.47,	0,	2086.52,	0,	0,	356
148.134,	-77.949,	25,	25,	25,	25,	-614.873,	0,	2200.47,	0,	2086.52,	0,	0,	356
148.753,	-77.949,	25,	25,	25,	25,	-614.873,	0,	2200.47,	0,	2086.52,	0,	0,	356
149.323,	-77.949,	25,	25,	25,	25,	-614.873,	0,	2200.47,	0,	2086.52,	0,	0,	356
149.92,	-77.949,	25,	25,	25,	25,	-614.873,	0,	2200.47,	0,	2086.52,	0,	0,	356
150.515,	-77.949,	25,	25,	25,	25,	-614.873,	0,	2200.47,	0,	2086.52,	0,	0,	356
151.112,	-77.949,	25,	25,	25,	25,	-614.873,	0,	2200.47,	0,	2086.52,	0,	0,	356
151.724,	-77.949,	25,	25,	25,	25,	-614.873,	0,	2200.47,	0,	2086.52,	0,	0,	356
152.303,	-77.949,	25,	25,	25,	25,	-614.873,	0,	2200.47,	0,	2086.52,	0,	0,	356
152.897,	-77.949,	25,	25,	25,	25,	-614.873,	0,	2200.47,	0,	2086.52,	0,	0,	356
153.495,	-77.949,	25,	25,	25,	25,	-614.873,	0,	2200.47,	0,	2086.52,	0,	0,	356
154.092,	-77.949,	25,	25,	25,	25,	-614.873,	0,	2200.47,	0,	2086.52,	0,	0,	356
154.704,	-77.949,	25,	25,	25,	25,	-614.873,	0,	2200.47,	0,	2086.52,	0,	0,	356
155.323,	-77.949,	25,	25,	25,	25,	-614.873,	0,	2200.47,	0,	2086.52,	0,	0,	356
155.923,	-77.949,	25,	25,	25,	25,	-614.873,	0,	2200.47,	0,	2086.52,	0,	0,	356
156.522,	-77.949,	25,	25,	25,	25,	-614.873,	0,	2200.47,	0,	2086.52,	0,	0,	356
157.131,	-77.949,	25,	25,	25,	25,	-614.873,	0,	2200.47,	0,	2086.52,	0,	0,	356
157.709,	-77.949,	25,	25,	25,	25,	-614.873,	0,	2200.47,	0,	2086.52,	0,	0,	356
158.304,	-77.949,	25,	25,	25,	25,	-614.873,	0,	2200.47,	0,	2086.52,	0,	0,	356
158.91,	-77.949,	25,	25,	25,	25,	-614.873,	0,	2200.47,	0,	2086.52,	0,	0,	356
159.504,	-77.949,	25,	25,	25,	25,	-614.873,	0,	2200.47,	0,	2086.52,	0,	0,	356
160.103,	-77.949,	25,	25,	25,	25,	-614.873,	0,	2200.47,	0,	2086.52,	0,	0,	356
160.689,	-77.949,	25,	25,	25,	25,	-614.873,	0,	2200.47,	0,	2086.52,	0,	0,	356
161.286,	-77.949,	25,	25,	25,	25,	-614.873,	0,	2200.47,	0,	2086.52,	0,	0,	356
161.895,	-77.949,	25,	25,	25,	25,	-614.873,	0,	2200.47,	0,	2086.52,	0,	0,	356
162.476,	-77.949,	25,	25,	25,	25,	-614.873,	0,	2200.47,	0,	2086.52,	0,	0,	356
163.073,	-77.949,	25,	25,	25,	25,	-614.873,	0,	2200.47,	0,	2086.52,	0,	0,	356
163.687,	-77.949,	25,	25,	25,	25,	-614.873,	0,	2200.47,	0,	2086.52,	0,	0,	356
164.31,	-77.949,	25,	25,	25,	25,	-614.873,	0,	2200.47,	0,	2086.52,	0,	0,	356
164.915,	-77.949,	25,	25,	25,	25,	-614.873,	0,	2200.47,	0,	2086.52,	0,	0,	356
165.491,	-77.949,	25,	25,	25,	25,	-614.873,	0,	2200.47,	0,	2086.52,	0,	0,	356
166.133,	-77.949,	25,	25,	25,	25,	-614.873,	0,	2200.47,	0,	2086.52,	0,	0,	356
166.739,	-77.949,	25,	25,	25,	25,	-614.873,	0,	2200.47,	0,	2086.52,	0,	0,	356
167.346,	-77.949,	25,	25,	25,	25,	-614.873,	0,	2200.47,	0,	2086.52,	0,	0,	356
167.928,	-77.949,	25,	25,	25,	25,	-614.873,	0,	2200.47,	0,	2086.52,	0,	0,	356
168.515,	-77.949,	25,	25,	25,	25,	-614.873,	0,	2200.47,	0,	2086.52,	0,	0,	356
169.123,	-77.949,	25,	25,	25,	25,	-614.873,	0,	2200.47,	0,	2086.52,	0,	0,	356
169.713,	-77.949,	25,	25,	25,	25,	-614.873,	0,	2200.47,	0,	2086.52,	0,	0,	356
170.322,	-77.949,	25,	25,	25,	25,	-614.873,	0,	2200.47,	0,	2086.52,	0,	0,	356
170.905,	-77.949,	25,	25,	25,	25,	-614.873,	0,	2200.47,	0,	2086.52,	0,	0,	356
171.496,	-77.949,	25,	25,	25,	25,	-614.873,	0,	2200.47,	0,	2086.52,	0,	0,	356
172.111,	-77.949,	25,	25,	25,	25,	-614.873,	0,	2200.47,	0,	2086.52,	0,	0,	356
172.688,	-77.949,	25,	25,	25,	25,	-614.873,	0,	2200.47,	0,	2086.52,	0,	0,	356
173.305,	-77.949,	25,	25,	25,	25,	-614.873,	0,	2200.47,	0,	2086.52,	0,	0,	356
173.844,	-77.949,	25,	25,	25,	25,	-614.873,	0,	2200.47,	0,	2086.52,	0,	0,	356
174.398,	-77.949,	25,	25,	25,	25,	-614.873,	0,	2200.47,	0,	2086.52,	0,	0,	356
174.971,	-77.949,	25,	25,	25,	25,	-614.873,	0,	2200.47,	0,	2086.52,	0,	0,	356
175.553,	-77.949,	25,	25,	25,	25,	-614.873,	0,	2200.47,	0,	2086.52,	0,	0,	356
176.112,	-77.949,	25,	25,	25,	25,	-614.873,	0,	2200.47,	0,	2086.52,	0,	0,	356
176.682,	-77.949,	25,	25,	25,	25,	-614.873,	0,	2200.47,	0,	2086.52,	0,	0,	356
177.269,	-77.949,	25,	25,	25,	25,	-614.873,	0,	2200.47,	0,	2086.52,	0,	0,	356
177.825,	-77.949,	25,	25,	25,	25,	-614.873,	0,	2200.47,	0,	2086.52,	0,	0,	356
178.378,	-77.949,	25,	25,	25,	25,	-614.873,	0,	2200.47,	0,	2086.52,	0,	0,	356
178.936,	-77.949,	25,	25,	25,	25,	-614.873,	0,	2200.47,	0,	2086.52,	0,	0,	356
179.502,	-77.949,	25,	25,	25,	25,	-614.873,	0,	2200.47,	0,	2086.52,	0,	0,	356
180.045,	-77.949,	25,	25,	25,	25,	-614.873,	0,	2200.47,	0,	2086.52,	0,	0,	356
180.617,	-77.949,	25,	25,	25,	25,	-614.873,	0,	2200.47,	0,	2086.52,	0,	0,	356
181.165,	-77.949,	25,	25,	25,	25,	-614.873,	0,	2200.47,	0,	2086.52,	0,	0,	356
181.721,	-77.949,	25,	25,	25,	25,	-614.873,	0,	2200.47,	0,	2086.52,	0,	0,	356
182.284,	-77.949,	25,	25,	25,	25,	-614.873,	0,	2200.47,	0,	2086.52,	0,	0,	356
182.835,	-77.949,	25,	25,	25,	25,	-614.873,	0,	2200.47,	0,	2086.52,	0,	0,	356
183.395,	-77.949,	25,	25,	25,	25,	-614.873,	0,	2200.47,	0,	2086.52,	0,	0,	356
183.955,	-77.949,	25,	25,	25,	25,	-614.873,	0,	2200.47,	0,	2086.52,	0,	0,	356
184.567,	-77.949,	25,	25,	25,	25,	-614.873,	0,	2200.47,	0,	2086.52,	0,	0,	356
185.114,	-77.949,	25,	25,	25,	25,	-614.873,	0,	2200.47,	0,	2086.52,	0,	0,	356
185.666,	-77.949,	25,	25,	25,	25,	-614.873,	0,	2200.47,	0,	2086.52,	0,	0,	356
186.221,	-77.949,	25,	25,	25,	25,	-614.873,	0,	2200.47,	0,	2086.52,	0,	0,	356
186.822,	-77.949,	25,	25,	25,	25,	-614.873,	0,	2200.47,	0,	2086.52,	0,	0,	356
187.372,	-77.949,	25,	25,	25,	25,	-614.873,	0,	2200.47,	0,	2086.52,	0,	0,	356
187.935,	-77.949,	25,	25,	25,	25,	-614.873,	0,	2200.47,	0,	2086.52,	0,	0,	356
188.491,	-77.949,	25,	25,	25,	25,	-614.873,	0,	2200.47,	0,	2086.52,	0,	0,	356
189.042,	-77.949,	25,	25,	25,	25,	-614.873,	0,	2200.47,	0,	2086.52,	0,	0,	356
189.634,	-77.949,	25,	25,	25,	25,	-614.873,	0,	2200.47,	0,	2086.52,	0,	0,	356
190.202,	-77.949,	25,	25,	25,	25,	-614.873,	0,	2200.47,	0,	2086.52,	0,	0,	356
190.797,	-77.949,	25,	25,	25,	25,	-614.873,	0,	2200.47,	0,	2086.52,	0,	0,	356
191.349,	-77.949,	25,	25,	25,	25,	-614.873,	0,	2200.47,	0,	2086.52,	0,	0,	356
191.903,	-77.949,	25,	25,	25,	25,	-614.873,	0,	2200.47,	0,	2086.52,	0,	0,	356
192.501,	-77.949,	25,	25,	25,	25,	-614.873,	0,	2200.47,	0,	2086.52,	0,	0,	356
193.064,	-77.949,	25,	25,	25,	25,	-614.873,	0,	2200.47,	0,	2086.52,	0,	0,	356
193.631,	-77.949,	25,	25,	25,	25,	-614.873,	0,	2200.47,	0,	2086.52,	0,	0,	356
194.173,	-77.949,	25,	25,	25,	25,	-614.873,	0,	2200.47,	0,	2086.52,	0,	0,	356
194.729,	-77.949,	25,	25,	25,	25,	-614.873,	0,	2200.47,	0,	2086.52,	0,	0,	356
195.339,	-77.949,	25,	25,	25,	25,	-614.873,	0,	2200.47,	0,	2086.52,	0,	0,	356
195.885,	-77.949,	25,	25,	25,	25,	-614.873,	0,	2200.47,	0,	2086.52,	0,	0,	356
196.444,	-77.949,	25,	25,	25,	25,	-614.873,	0,	2200.47,	0,	2086.52,	0,	0,	356
197.007,	-77.949,	25,	25,	25,	25,	-614.873,	0,	2200.47,	0,	2086.52,	0,	0,	356
197.559,	-77.949,	25,	25,	25,	25,	-614.873,	0,	2200.47,	0,	2086.52,	0,	0,	356
198.132,	-77.949,	25,	25,	25,	25,	-614.873,	0,	2200.47,	0,	2086.52,	0,	0,	356
198.734,	-77.949,	25,	25,	25,	25,	-614.873,	0,	2200.47,	0,	2086.52,	0,	0,	356
199.312,	-77.949,	25,	25,	25,	25,	-614.873,	0,	2200.47,	0,	2086.52,	0,	0,	356
199.869,	-77.949,	25,	25,	25,	25,	-614.873,	0,	2200.47,	0,	2086.52,	0,	0,	356
200.421,	-77.949,	25,	25,	25,	25,	-614.873,	0,	2200.47,	0,	2086.52,	0,	0,	356
200.983,	-77.949,	25,	25,	25,	25,	-614.873,	0,	2200.47,	0,	2086.52,	0,	0,	356
201.571,	-77.949,	25,	25,	25,	25,	-614.873,	0,	2200.47,	0,	2086.52,	0,	0,	356
202.135,	-77.949,	25,	25,	25,	25,	-614.873,	0,	2200.47,	0,	2086.52,	0,	0,	356
202.694,	-77.949,	25,	25,	25,	25,	-614.873,	0,	2200.47,	0,	2086.52,	0,	0,	356
203.247,	-77.949,	25,	25,	25,	25,	-614.873,	0,	2200.47,	0,	2086.52,	0,	0,	356
203.812,	-77.949,	25,	25,	25,	25,	-614.873,	0,	2200.47,	0,	2086.52,	0,	0,	356
204.362,	-77.949,	25,	25,	25,	25,	-614.873,	0,	2200.47,	0,	2086.52,	0,	0,	356
204.914,	-77.949,	25,	25,	25,	25,	-614.873,	0,	2200.47,	0,	2086.52,	0,	0,	356
205.492,	-77.949,	25,	25,	25,	25,	-614.873,	0,	2200.47,	0,	2086.52,	0,	0,	356
206.082,	-77.949,	25,	25,	25,	25,	-614.873,	0,	2200.47,	0,	2086.52,	0,	0,	356
206.637,	-77.949,	25,	25,	25,	25,	-614.873,	0,	2200.47,	0,	2086.52,	0,	0,	356
207.191,	-77.949,	25,	25,	25,	25,	-614.873,	0,	2200.47,	0,	2086.52,	0,	0,	356
207.744,	-77.949,	25,	25,	25,	25,	-614.873,	0,	2200.47,	0,	2086.52,	0,	0,	356
208.384,	-77.949,	25,	25,	25,	25,	-614.873,	0,	2200.47,	0,	2086.52,	0,	0,	356
208.932,	-77.949,	25,	25,	25,	25,	-614.873,	0,	2200.47,	0,	2086.52,	0,	0,	356
209.502,	-77.949,	25,	25,	25,	25,	-614.873,	0,	2200.47,	0,	2086.52,	0,	0,	356
210.087,	-77.949,	25,	25,	25,	25,	-614.873,	0,	2200.47,	0,	2086.52,	0,	0,	356
210.647,	-77.949,	25,	25,	25,	25,	-614.873,	0,	2200.47,	0,	2086.52,	0,	0,	356
211.204,	-77.949,	25,	25,	25,	25,	-614.873,	0,	2200.47,	0,	2086.52,	0,	0,	356
211.758,	-77.949,	25,	25,	25,	25,	-614.873,	0,	2200.47,	0,	2086.52,	0,	0,	356
212.322,	-77.949,	25,	25,	25,	25,	-614.873,	0,	2200.47,	0,	2086.52,	0,	0,	356
212.88,	-77.949,	25,	25,	25,	25,	-614.873,	0,	2200.47,	0,	2086.52,	0,	0,	356
213.425,	-77.949,	25,	25,	25,	25,	-614.873,	0,	2200.47,	0,	2086.52,	0,	0,	356
213.997,	-77.949,	25,	25,	25,	25,	-614.873,	0,	2200.47,	0,	2086.52,	0,	0,	356
214.583,	-77.949,	25,	25,	25,	25,	-614.873,	0,	2200.47,	0,	2086.52,	0,	0,	356
215.137,	-77.949,	25,	25,	25,	25,	-614.873,	0,	2200.47,	0,	2086.52,	0,	0,	356
215.699,	-77.949,	25,	25,	25,	25,	-614.873,	0,	2200.47,	0,	2086.52,	0,	0,	356
216.257,	-77.949,	25,	25,	25,	25,	-614.873,	0,	2200.47,	0,	2086.52,	0,	0,	356
216.865,	-77.949,	25,	25,	25,	25,	-614.873,	0,	2200.47,	0,	2086.52,	0,	0,	356
217.453,	-77.949,	25,	25,	25,	25,	-614.873,	0,	2200.47,	0,	2086.52,	0,	0,	356
218.044,	-77.949,	25,	25,	25,	25,	-614.873,	0,	2200.47,	0,	2086.52,	0,	0,	356
218.64,	-77.949,	25,	25,	25,	25,	-614.873,	0,	2200.47,	0,	2086.52,	0,	0,	356
219.194,	-77.949,	25,	25,	25,	25,	-614.873,	0,	2200.47,	0,	2086.52,	0,	0,	356
219.762,	-77.949,	25,	25,	25,	25,	-614.873,	0,	2200.47,	0,	2086.52,	0,	0,	356
220.352,	-77.949,	25,	25,	25,	25,	-614.873,	0,	2200.47,	0,	2086.52,	0,	0,	356
220.933,	-77.949,	25,	25,	25,	25,	-614.873,	0,	2200.47,	0,	2086.52,	0,	0,	356
221.51,	-77.949,	25,	25,	25,	25,	-614.873,	0,	2200.47,	0,	2086.52,	0,	0,	356
222.107,	-77.949,	25,	25,	25,	25,	-614.873,	0,	2200.47,	0,	2086.52,	0,	0,	356
222.666,	-77.949,	25,	25,	25,	25,	-614.873,	0,	2200.47,	0,	2086.52,	0,	0,	356
223.267,	-77.949,	25,	25,	25,	25,	-614.873,	0,	2200.47,	0,	2086.52,	0,	0,	356
223.882,	-77.949,	25,	25,	25,	25,	-614.873,	0,	2200.47,	0,	2086.52,	0,	0,	356
224.454,	-77.949,	25,	25,	25,	25,	-614.873,	0,	2200.47,	0,	2086.52,	0,	0,	356
225.048,	-77.949,	25,	25,	25,	25,	-614.873,	0,	2200.47,	0,	2086.52,	0,	0,	356
225.647,	-77.949,	25,	25,	25,	25,	-614.873,	0,	2200.47,	0,	2086.52,	0,	0,	356
226.237,	-77.949,	25,	25,	25,	25,	-614.873,	0,	2200.47,	0,	2086.52,	0,	0,	356
226.86,	-77.949,	25,	25,	25,	25,	-614.873,	0,	2200.47,	0,	2086.52,	0,	0,	356
227.423,	-77.949,	25,	25,	25,	25,	-614.873,	0,	2200.47,	0,	2086.52,	0,	0,	356
227.982,	-77.949,	25,	25,	25,	25,	-614.873,	0,	2200.47,	0,	2086.52,	0,	0,	356
228.591,	-77.949,	25,	25,	25,	25,	-614.873,	0,	2200.47,	0,	2086.52,	0,	0,	356
229.178,	-77.949,	25,	25,	25,	25,	-614.873,	0,	2200.47,	0,	2086.52,	0,	0,	356
229.763,	-77.949,	25,	25,	25,	25,	-614.873,	0,	2200.47,	0,	2086.52,	0,	0,	356
230.329,	-77.949,	25,	25,	25,	25,	-614.873,	0,	2200.47,	0,	2086.52,	0,	0,	356
230.897,	-77.949,	25,	25,	25,	25,	-614.873,	0,	2200.47,	0,	2086.52,	0,	0,	356
231.497,	-77.949,	25,	25,	25,	25,	-614.873,	0,	2200.47,	0,	2086.52,	0,	0,	356
232.085,	-77.949,	25,	25,	25,	25,	-614.873,	0,	2200.47,	0,	2086.52,	0,	0,	356
232.679,	-77.949,	25,	25,	25,	25,	-614.873,	0,	2200.47,	0,	2086.52,	0,	0,	356
233.294,	-77.949,	25,	25,	25,	25,	-614.873,	0,	2200.47,	0,	2086.52,	0,	0,	356
233.873,	-77.949,	25,	25,	25,	25,	-614.873,	0,	2200.47,	0,	2086.52,	0,	0,	356
234.472,	-77.949,	25,	25,	25,	25,	-614.873,	0,	2200.47,	0,	2086.52,	0,	0,	356
235.053,	-77.949,	25,	25,	25,	25,	-614.873,	0,	2200.47,	0,	2086.52,	0,	0,	356
235.625,	-77.949,	25,	25,	25,	25,	-614.873,	0,	2200.47,	0,	2086.52,	0,	0,	356
236.213,	-77.949,	25,	25,	25,	25,	-614.873,	0,	2200.47,	0,	2086.52,	0,	0,	356
236.771,	-77.949,	25,	25,	25,	25,	-614.873,	0,	2200.47,	0,	2086.52,	0,	0,	356
237.389,	-77.949,	25,	25,	25,	25,	-614.873,	0,	2200.47,	0,	2086.52,	0,	0,	356
237.957,	-77.949,	25,	25,	25,	25,	-614.873,	0,	2200.47,	0,	2086.52,	0,	0,	356
238.527,	-77.949,	25,	25,	25,	25,	-614.873,	0,	2200.47,	0,	2086.52,	0,	0,	356
239.115,	-77.949,	25,	25,	25,	25,	-614.873,	0,	2200.47,	0,	2086.52,	0,	0,	356
239.674,	-77.949,	25,	25,	25,	25,	-614.873,	0,	2200.47,	0,	2086.52,	0,	0,	356
240.271,	-77.949,	25,	25,	25,	25,	-614.873,	0,	2200.47,	0,	2086.52,	0,	0,	356
240.864,	-77.949,	25,	25,	25,	25,	-614.873,	0,	2200.47,	0,	2086.52,	0,	0,	356
241.465,	-77.949,	25,	25,	25,	25,	-614.873,	0,	2200.47,	0,	2086.52,	0,	0,	356
242.056,	-77.949,	25,	25,	25,	25,	-614.873,	0,	2200.47,	0,	2086.52,	0,	0,	356
242.612,	-77.949,	25,	25,	25,	25,	-614.873,	0,	2200.47,	0,	2086.52,	0,	0,	356
243.216,	-77.949,	25,	25,	25,	25,	-614.873,	0,	2200.47,	0,	2086.52,	0,	0,	356
243.803,	-77.949,	25,	25,	25,	25,	-614.873,	0,	2200.47,	0,	2086.52,	0,	0,	356
244.382,	-77.949,	25,	25,	25,	25,	-614.873,	0,	2200.47,	0,	2086.52,	0,	0,	356
244.961,	-77.949,	25,	25,	25,	25,	-614.873,	0,	2200.47,	0,	2086.52,	0,	0,	356
245.547,	-77.949,	25,	25,	25,	25,	-614.873,	0,	2200.47,	0,	2086.52,	0,	0,	356
246.114,	-77.949,	25,	25,	25,	25,	-614.873,	0,	2200.47,	0,	2086.52,	0,	0,	356
246.71,	-77.949,	25,	25,	25,	25,	-614.873,	0,	2200.47,	0,	2086.52,	0,	0,	356
247.316,	-77.949,	25,	25,	25,	25,	-614.873,	0,	2200.47,	0,	2086.52,	0,	0,	356
247.905,	-77.949,	25,	25,	25,	25,	-614.873,	0,	2200.47,	0,	2086.52,	0,	0,	356
248.512,	-77.949,	25,	25,	25,	25,	-614.873,	0,	2200.47,	0,	2086.52,	0,	0,	356
249.133,	-77.949,	25,	25,	25,	25,	-614.873,	0,	2200.47,	0,	2086.52,	0,	0,	356
249.732,	-77.949,	25,	25,	25,	25,	-614.873,	0,	2200.47,	0,	2086.52,	0,	0,	356
250.333,	-77.949,	25,	25,	25,	25,	-614.873,	0,	2200.47,	0,	2086.52,	0,	0,	356
250.923,	-77.949,	25,	25,	25,	25,	-614.873,	0,	2200.47,	0,	2086.52,	0,	0,	356
251.54,	-77.949,	25,	25,	25,	25,	-614.873,	0,	2200.47,	0,	2086.52,	0,	0,	356
252.116,	-77.949,	25,	25,	25,	25,	-614.873,	0,	2200.47,	0,	2086.52,	0,	0,	356
252.715,	-77.949,	25,	25,	25,	25,	-614.873,	0,	2200.47,	0,	2086.52,	0,	0,	356
253.317,	-77.949,	25,	25,	25,	25,	-614.873,	0,	2200.47,	0,	2086.52,	0,	0,	356
253.902,	-77.949,	25,	25,	25,	25,	-614.873,	0,	2200.47,	0,	2086.52,	0,	0,	356
254.522,	-77.949,	25,	25,	25,	25,	-614.873,	0,	2200.47,	0,	2086.52,	0,	0,	356
255.128,	-77.949,	25,	25,	25,	25,	-614.873,	0,	2200.47,	0,	2086.52,	0,	0,	356
255.686,	-77.949,	25,	25,	25,	25,	-614.873,	0,	2200.47,	0,	2086.52,	0,	0,	356
256.284,	-77.949,	25,	25,	25,	25,	-614.873,	0,	2200.47,	0,	2086.52,	0,	0,	356
256.883,	-77.949,	25,	25,	25,	25,	-614.873,	0,	2200.47,	0,	2086.52,	0,	0,	356
257.489,	-77.949,	25,	25,	25,	25,	-614.873,	0,	2200.47,	0,	2086.52,	0,	0,	356
258.081,	-77.949,	25,	25,	25,	25,	-614.873,	0,	2200.47,	0,	2086.52,	0,	0,	356
258.686,	-77.949,	25,	25,	25,	25,	-614.873,	0,	2200.47,	0,	2086.52,	0,	0,	356
259.263,	-77.949,	25,	25,	25,	25,	-614.873,	0,	2200.47,	0,	2086.52,	0,	0,	356
259.861,	-77.949,	25,	25,	25,	25,	-614.873,	0,	2200.47,	0,	2086.52,	0,	0,	356
260.476,	-77.949,	25,	25,	25,	25,	-614.873,	0,	2200.47,	0,	2086.52,	0,	0,	356
261.058,	-77.949,	25,	25,	25,	25,	-614.873,	0,	2200.47,	0,	2086.52,	0,	0,	356
261.671,	-77.949,	25,	25,	25,	25,	-614.873,	0,	2200.47,	0,	2086.52,	0,	0,	356
262.245,	-77.949,	25,	25,	25,	25,	-614.873,	0,	2200.47,	0,	2086.52,	0,	0,	356
262.853,	-77.949,	25,	25,	25,	25,	-614.873,	0,	2200.47,	0,	2086.52,	0,	0,	356
263.457,	-77.949,	25,	25,	25,	25,	-614.873,	0,	2200.47,	0,	2086.52,	0,	0,	356
264.036,	-77.949,	25,	25,	25,	25,	-614.873,	0,	2200.47,	0,	2086.52,	0,	0,	356
264.644,	-77.949,	25,	25,	25,	25,	-614.873,	0,	2200.47,	0,	2086.52,	0,	0,	356
265.226,	-77.949,	25,	25,	25,	25,	-614.873,	0,	2200.47,	0,	2086.52,	0,	0,	356
265.822,	-77.949,	25,	25,	25,	25,	-614.873,	0,	2200.47,	0,	2086.52,	0,	0,	356
266.426,	-77.949,	25,	25,	25,	25,	-614.873,	0,	2200.47,	0,	2086.52,	0,	0,	356
267.013,	-77.949,	25,	25,	25,	25,	-614.873,	0,	2200.47,	0,	2086.52,	0,	0,	356
267.627,	-77.949,	25,	25,	25,	25,	-614.873,	0,	2200.47,	0,	2086.52,	0,	0,	356
268.207,	-77.949,	25,	25,	25,	25,	-614.873,	0,	2200.47,	0,	2086.52,	0,	0,	356
268.831,	-77.949,	25,	25,	25,	25,	-614.873,	0,	2200.47,	0,	2086.52,	0,	0,	356
269.4,	-77.949,	25,	25,	25,	25,	-614.873,	0,	2200.47,	0,	2086.52,	0,	0,	356
269.994,	-77.949,	25,	25,	25,	25,	-614.873,	0,	2200.47,	0,	2086.52,	0,	0,	356
270.597,	-77.949,	25,	25,	25,	25,	-614.873,	0,	2200.47,	0,	2086.52,	0,	0,	356
271.188,	-77.949,	25,	25,	25,	25,	-614.873,	0,	2200.47,	0,	2086.52,	0,	0,	356
271.828,	-77.949,	25,	25,	25,	25,	-614.873,	0,	2200.47,	0,	2086.52,	0,	0,	356
272.432,	-77.949,	25,	25,	25,	25,	-614.873,	0,	2200.47,	0,	2086.52,	0,	0,	356
273.044,	-77.949,	25,	25,	25,	25,	-614.873,	0,	2200.47,	0,	2086.52,	0,	0,	356
273.649,	-77.949,	25,	25,	25,	25,	-614.873,	0,	2200.47,	0,	2086.52,	0,	0,	356
274.211,	-77.949,	25,	25,	25,	25,	-614.873,	0,	2200.47,	0,	2086.52,	0,	0,	356
274.821,	-77.949,	25,	25,	25,	25,	-614.873,	0,	2200.47,	0,	2086.52,	0,	0,	356
275.368,	-77.949,	25,	25,	25,	25,	-614.873,	0,	2200.47,	0,	2086.52,	0,	0,	356
275.918,	-77.949,	25,	25,	25,	25,	-614.873,	0,	2200.47,	0,	2086.52,	0,	0,	356
276.479,	-77.949,	25,	25,	25,	25,	-614.873,	0,	2200.47,	0,	2086.52,	0,	0,	356
277.03,	-77.949,	25,	25,	25,	25,	-614.873,	0,	2200.47,	0,	2086.52,	0,	0,	356
277.595,	-77.949,	25,	25,	25,	25,	-614.873,	0,	2200.47,	0,	2086.52,	0,	0,	356
278.15,	-77.949,	25,	25,	25,	25,	-614.873,	0,	2200.47,	0,	2086.52,	0,	0,	356
278.704,	-77.949,	25,	25,	25,	25,	-614.873,	0,	2200.47,	0,	2086.52,	0,	0,	356
279.266,	-77.949,	25,	25,	25,	25,	-614.873,	0,	2200.47,	0,	2086.52,	0,	0,	356
279.822,	-77.949,	25,	25,	25,	25,	-614.873,	0,	2200.47,	0,	2086.52,	0,	0,	356
280.38,	-77.949,	25,	25,	25,	25,	-614.873,	0,	2200.47,	0,	2086.52,	0,	0,	356
280.936,	-77.949,	25,	25,	25,	25,	-614.873,	0,	2200.47,	0,	2086.52,	0,	0,	356
281.491,	-77.949,	25,	25,	25,	25,	-614.873,	0,	2200.47,	0,	2086.52,	0,	0,	356
282.051,	-77.949,	25,	25,	25,	25,	-614.873,	0,	2200.47,	0,	2086.52,	0,	0,	356
282.604,	-77.949,	25,	25,	25,	25,	-614.873,	0,	2200.47,	0,	2086.52,	0,	0,	356
283.173,	-77.949,	25,	25,	25,	25,	-614.873,	0,	2200.47,	0,	2086.52,	0,	0,	356
283.717,	-77.949,	25,	25,	25,	25,	-614.873,	0,	2200.47,	0,	2086.52,	0,	0,	356
284.31,	-77.949,	25,	25,	25,	25,	-614.873,	0,	2200.47,	0,	2086.52,	0,	0,	356
284.884,	-77.949,	25,	25,	25,	25,	-614.873,	0,	2200.47,	0,	2086.52,	0,	0,	356
285.437,	-77.949,	25,	25,	25,	25,	-614.873,	0,	2200.47,	0,	2086.52,	0,	0,	356
285.994,	-77.949,	25,	25,	25,	25,	-614.873,	0,	2200.47,	0,	2086.52,	0,	0,	356
286.556,	-77.949,	25,	25,	25,	25,	-614.873,	0,	2200.47,	0,	2086.52,	0,	0,	356
287.137,	-77.949,	25,	25,	25,	25,	-614.873,	0,	2200.47,	0,	2086.52,	0,	0,	356
287.74,	-77.949,	25,	25,	25,	25,	-614.873,	0,	2200.47,	0,	2086.52,	0,	0,	356
288.295,	-77.949,	25,	25,	25,	25,	-614.873,	0,	2200.47,	0,	2086.52,	0,	0,	356
288.889,	-77.949,	25,	25,	25,	25,	-614.873,	0,	2200.47,	0,	2086.52,	0,	0,	356
289.463,	-77.949,	25,	25,	25,	25,	-614.873,	0,	2200.47,	0,	2086.52,	0,	0,	356
290.002,	-77.949,	25,	25,	25,	25,	-614.873,	0,	2200.47,	0,	2086.52,	0,	0,	356
290.574,	-77.949,	25,	25,	25,	25,	-614.873,	0,	2200.47,	0,	2086.52,	0,	0,	356
291.122,	-77.949,	25,	25,	25,	25,	-614.873,	0,	2200.47,	0,	2086.52,	0,	0,	356
291.675,	-77.949,	25,	25,	25,	25,	-614.873,	0,	2200.47,	0,	2086.52,	0,	0,	356
292.258,	-77.949,	25,	25,	25,	25,	-614.873,	0,	2200.47,	0,	2086.52,	0,	0,	356
292.83,	-77.949,	25,	25,	25,	25,	-614.873,	0,	2200.47,	0,	2086.52,	0,	0,	356
293.417,	-77.949,	25,	25,	25,	25,	-614.873,	0,	2200.47,	0,	2086.52,	0,	0,	356
293.981,	-77.949,	25,	25,	25,	25,	-614.873,	0,	2200.47,	0,	2086.52,	0,	0,	356
294.569,	-77.949,	25,	25,	25,	25,	-614.873,	0,	2200.47,	0,	2086.52,	0,	0,	356
295.178,	-77.949,	25,	25,	25,	25,	-614.873,	0,	2200.47,	0,	2086.52,	0,	0,	356
295.731,	-77.949,	25,	25,	25,	25,	-614.873,	0,	2200.47,	0,	2086.52,	0,	0,	356
296.3,	-77.949,	25,	25,	25,	25,	-614.873,	0,	2200.47,	0,	2086.52,	0,	0,	356
296.885,	-77.949,	25,	25,	25,	25,	-614.873,	0,	2200.47,	0,	2086.52,	0,	0,	356
297.466,	-77.949,	25,	25,	25,	25,	-614.873,	0,	2200.47,	0,	2086.52,	0,	0,	356
298.053,	-77.949,	25,	25,	25,	25,	-614.873,	0,	2200.47,	0,	2086.52,	0,	0,	356
298.653,	-77.949,	25,	25,	25,	25,	-614.873,	0,	2200.47,	0,	2086.52,	0,	0,	356
299.245,	-77.949,	25,	25,	25,	25,	-614.873,	0,	2200.47,	0,	2086.52,	0,	0,	356
299.791,	-77.949,	25,	25,	25,	25,	-614.873,	0,	2200.47,	0,	2086.52,	0,	0,	356
300.385,	-77.949,	25,	25,	25,	25,	-614.873,	0,	2200.47,	0,	2086.52,	0,	0,	356
300.965,	-77.949,	25,	25,	25,	25,	-614.873,	0,	2200.47,	0,	2086.52,	0,	0,	356
301.549,	-77.949,	25,	25,	25,	25,	-614.873,	0,	2200.47,	0,	2086.52,	0,	0,	356
302.176,	-77.949,	25,	25,	25,	25,	-614.873,	0,	2200.47,	0,	2086.52,	0,	0,	356
302.766,	-77.949,	25,	25,	25,	25,	-614.873,	0,	2200.47,	0,	2086.52,	0,	0,	356
303.326,	-77.949,	25,	25,	25,	25,	-614.873,	0,	2200.47,	0,	2086.52,	0,	0,	356
303.902,	-77.949,	25,	25,	25,	25,	-614.873,	0,	2200.47,	0,	2086.52,	0,	0,	356
304.48,	-77.949,	25,	25,	25,	25,	-614.873,	0,	2200.47,	0,	2086.52,	0,	0,	356
305.045,	-77.949,	25,	25,	25,	25,	-614.873,	0,	2200.47,	0,	2086.52,	0,	0,	356
305.629,	-77.949,	25,	25,	25,	25,	-614.873,	0,	2200.47,	0,	2086.52,	0,	0,	356
306.197,	-77.949,	25,	25,	25,	25,	-614.873,	0,	2200.47,	0,	2086.52,	0,	0,	356
306.761,	-77.949,	25,	25,	25,	25,	-614.873,	0,	2200.47,	0,	2086.52,	0,	0,	356
307.308,	-77.949,	25,	25,	25,	25,	-614.873,	0,	2200.47,	0,	2086.52,	0,	0,	356
307.939,	-77.949,	25,	25,	25,	25,	-614.873,	0,	2200.47,	0,	2086.52,	0,	0,	356
308.496,	-77.949,	25,	25,	25,	25,	-614.873,	0,	2200.47,	0,	2086.52,	0,	0,	356
309.055,	-77.949,	25,	25,	25,	25,	-614.873,	0,	2200.47,	0,	2086.52,	0,	0,	356
309.654,	-77.949,	25,	25,	25,	25,	-614.873,	0,	2200.47,	0,	2086.52,	0,	0,	356
310.208,	-77.949,	25,	25,	25,	25,	-614.873,	0,	2200.47,	0,	2086.52,	0,	0,	356
310.777,	-77.949,	25,	25,	25,	25,	-614.873,	0,	2200.47,	0,	2086.52,	0,	0,	356
311.361,	-77.949,	25,	25,	25,	25,	-614.873,	0,	2200.47,	0,	2086.52,	0,	0,	356
311.917,	-77.949,	25,	25,	25,	25,	-614.873,	0,	2200.47,	0,	2086.52,	0,	0,	356
312.472,	-77.949,	25,	25,	25,	25,	-614.873,	0,	2200.47,	0,	2086.52,	0,	0,	356
313.055,	-77.949,	25,	25,	25,	25,	-614.873,	0,	2200.47,	0,	2086.52,	0,	0,	356
313.637,	-77.949,	25,	25,	25,	25,	-614.873,	0,	2200.47,	0,	2086.52,	0,	0,	356
314.192,	-77.949,	25,	25,	25,	25,	-614.873,	0,	2200.47,	0,	2086.52,	0,	0,	356
314.744,	-77.949,	25,	25,	25,	25,	-614.873,	0,	2200.47,	0,	2086.52,	0,	0,	356
315.298,	-77.949,	25,	25,	25,	25,	-614.873,	0,	2200.47,	0,	2086.52,	0,	0,	356
315.894,	-77.949,	25,	25,	25,	25,	-614.873,	0,	2200.47,	0,	2086.52,	0,	0,	356
316.466,	-77.949,	25,	25,	25,	25,	-614.873,	0,	2200.47,	0,	2086.52,	0,	0,	356
317.01,	-77.949,	25,	25,	25,	25,	-614.873,	0,	2200.47,	0,	2086.52,	0,	0,	356
317.58,	-77.949,	25,	25,	25,	25,	-614.873,	0,	2200.47,	0,	2086.52,	0,	0,	356
318.17,	-77.949,	25,	25,	25,	25,	-614.873,	0,	2200.47,	0,	2086.52,	0,	0,	356
318.731,	-77.949,	25,	25,	25,	25,	-614.873,	0,	2200.47,	0,	2086.52,	0,	0,	356
319.289,	-77.949,	25,	25,	25,	25,	-614.873,	0,	2200.47,	0,	2086.52,	0,	0,	356
319.835,	-77.949,	25,	25,	25,	25,	-614.873,	0,	2200.47,	0,	2086.52,	0,	0,	356
320.419,	-77.949,	25,	25,	25,	25,	-614.873,	0,	2200.47,	0,	2086.52,	0,	0,	356
321.003,	-77.949,	25,	25,	25,	25,	-614.873,	0,	2200.47,	0,	2086.52,	0,	0,	356
321.602,	-77.949,	25,	25,	25,	25,	-614.873,	0,	2200.47,	0,	2086.52,	0,	0,	356
322.194,	-77.949,	25,	25,	25,	25,	-614.873,	0,	2200.47,	0,	2086.52,	0,	0,	356
322.778,	-77.949,	25,	25,	25,	25,	-614.873,	0,	2200.47,	0,	2086.52,	0,	0,	356
323.362,	-77.949,	25,	25,	25,	25,	-614.873,	0,	2200.47,	0,	2086.52,	0,	0,	356
323.951,	-77.949,	25,	25,	25,	25,	-614.873,	0,	2200.47,	0,	2086.52,	0,	0,	356
324.532,	-77.949,	25,	25,	25,	25,	-614.873,	0,	2200.47,	0,	2086.52,	0,	0,	356
325.097,	-77.949,	25,	25,	25,	25,	-614.873,	0,	2200.47,	0,	2086.52,	0,	0,	356
325.699,	-77.949,	25,	25,	25,	25,	-614.873,	0,	2200.47,	0,	2086.52,	0,	0,	356
326.281,	-77.949,	25,	25,	25,	25,	-614.873,	0,	2200.47,	0,	2086.52,	0,	0,	356
326.843,	-77.949,	25,	25,	25,	25,	-614.873,	0,	2200.47,	0,	2086.52,	0,	0,	356
327.437,	-77.949,	25,	25,	25,	25,	-614.873,	0,	2200.47,	0,	2086.52,	0,	0,	356
328,	-77.949,	25,	25,	25,	25,	-614.873,	0,	2200.47,	0,	2086.52,	0,	0,	356
328.582,	-77.949,	25,	25,	25,	25,	-614.873,	0,	2200.47,	0,	2086.52,	0,	0,	356
329.184,	-77.949,	25,	25,	25,	25,	-614.873,	0,	2200.47,	0,	2086.52,	0,	0,	356
329.74,	-77.949,	25,	25,	25,	25,	-614.873,	0,	2200.47,	0,	2086.52,	0,	0,	356
330.295,	-77.949,	25,	25,	25,	25,	-614.873,	0,	2200.47,	0,	2086.52,	0,	0,	356
330.896,	-77.949,	25,	25,	25,	25,	-614.873,	0,	2200.47,	0,	2086.52,	0,	0,	356
331.445,	-77.949,	25,	25,	25,	25,	-614.873,	0,	2200.47,	0,	2086.52,	0,	0,	356
332.038,	-77.949,	25,	25,	25,	25,	-614.873,	0,	2200.47,	0,	2086.52,	0,	0,	356
332.612,	-77.949,	25,	25,	25,	25,	-614.873,	0,	2200.47,	0,	2086.52,	0,	0,	356
333.202,	-77.949,	25,	25,	25,	25,	-614.873,	0,	2200.47,	0,	2086.52,	0,	0,	356
333.792,	-77.949,	25,	25,	25,	25,	-614.873,	0,	2200.47,	0,	2086.52,	0,	0,	356
334.349,	-77.949,	25,	25,	25,	25,	-614.873,	0,	2200.47,	0,	2086.52,	0,	0,	356
334.949,	-77.949,	25,	25,	25,	25,	-614.873,	0,	2200.47,	0,	2086.52,	0,	0,	356
335.511,	-77.949,	25,	25,	25,	25,	-614.873,	0,	2200.47,	0,	2086.52,	0,	0,	356
336.116,	-77.949,	25,	25,	25,	25,	-614.873,	0,	2200.47,	0,	2086.52,	0,	0,	356
336.707,	-77.949,	25,	25,	25,	25,	-614.873,	0,	2200.47,	0,	2086.52,	0,	0,	356
337.293,	-77.949,	25,	25,	25,	25,	-614.873,	0,	2200.47,	0,	2086.52,	0,	0,	356
337.853,	-77.949,	25,	25,	25,	25,	-614.873,	0,	2200.47,	0,	2086.52,	0,	0,	356
338.45,	-77.949,	25,	25,	25,	25,	-614.873,	0,	2200.47,	0,	2086.52,	0,	0,	356
339.042,	-77.949,	25,	25,	25,	25,	-614.873,	0,	2200.47,	0,	2086.52,	0,	0,	356
339.612,	-77.949,	25,	25,	25,	25,	-614.873,	0,	2200.47,	0,	2086.52,	0,	0,	356
340.21,	-77.949,	25,	25,	25,	25,	-614.873,	0,	2200.47,	0,	2086.52,	0,	0,	356
340.802,	-77.949,	25,	25,	25,	25,	-614.873,	0,	2200.47,	0,	2086.52,	0,	0,	356
341.394,	-77.949,	25,	25,	25,	25,	-614.873,	0,	2200.47,	0,	2086.52,	0,	0,	356
341.985,	-77.949,	25,	25,	25,	25,	-614.873,	0,	2200.47,	0,	2086.52,	0,	0,	356
342.588,	-77.949,	25,	25,	25,	25,	-614.873,	0,	2200.47,	0,	2086.52,	0,	0,	356
343.178,	-77.949,	25,	25,	25,	25,	-614.873,	0,	2200.47,	0,	2086.52,	0,	0,	356
343.785,	-77.949,	25,	25,	25,	25,	-614.873,	0,	2200.47,	0,	2086.52,	0,	0,	356
344.375,	-77.949,	25,	25,	25,	25,	-614.873,	0,	2200.47,	0,	2086.52,	0,	0,	356
344.985,	-77.949,	25,	25,	25,	25,	-614.873,	0,	2200.47,	0,	2086.52,	0,	0,	356
345.565,	-77.949,	25,	25,	25,	25,	-614.873,	0,	2200.47,	0,	2086.52,	0,	0,	356
346.16,	-77.949,	25,	25,	25,	25,	-614.873,	0,	2200.47,	0,	2086.52,	0,	0,	356
346.763,	-77.949,	25,	25,	25,	25,	-614.873,	0,	2200.47,	0,	2086.52,	0,	0,	356
347.352,	-77.949,	25,	25,	25,	25,	-614.873,	0,	2200.47,	0,	2086.52,	0,	0,	356
347.966,	-77.949,	25,	25,	25,	25,	-614.873,	0,	2200.47,	0,	2086.52,	0,	0,	356
348.552,	-77.949,	25,	25,	25,	25,	-614.873,	0,	2200.47,	0,	2086.52,	0,	0,	356
349.159,	-77.949,	25,	25,	25,	25,	-614.873,	0,	2200.47,	0,	2086.52,	0,	0,	356
349.744,	-77.949,	25,	25,	25,	25,	-614.873,	0,	2200.47,	0,	2086.52,	0,	0,	356
350.334,	-77.949,	25,	25,	25,	25,	-614.873,	0,	2200.47,	0,	2086.52,	0,	0,	356
350.93,	-77.949,	25,	25,	25,	25,	-614.873,	0,	2200.47,	0,	2086.52,	0,	0,	356
351.526,	-77.949,	25,	25,	25,	25,	-614.873,	0,	2200.47,	0,	2086.52,	0,	0,	356
352.118,	-77.949,	25,	25,	25,	25,	-614.873,	0,	2200.47,	0,	2086.52,	0,	0,	356
352.725,	-77.949,	25,	25,	25,	25,	-614.873,	0,	2200.47,	0,	2086.52,	0,	0,	356
353.314,	-77.949,	25,	25,	25,	25,	-614.873,	0,	2200.47,	0,	2086.52,	0,	0,	356
353.933,	-77.949,	25,	25,	25,	25,	-614.873,	0,	2200.47,	0,	2086.52,	0,	0,	356
354.525,	-77.949,	25,	25,	25,	25,	-614.873,	0,	2200.47,	0,	2086.52,	0,	0,	356
355.113,	-77.949,	25,	25,	25,	25,	-614.873,	0,	2200.47,	0,	2086.52,	0,	0,	356
355.709,	-77.949,	25,	25,	25,	25,	-614.873,	0,	2200.47,	0,	2086.52,	0,	0,	356
356.296,	-77.949,	25,	25,	25,	25,	-614.873,	0,	2200.47,	0,	2086.52,	0,	0,	356
356.915,	-77.949,	25,	25,	25,	25,	-614.873,	0,	2200.47,	0,	2086.52,	0,	0,	356
357.485,	-77.949,	25,	25,	25,	25,	-614.873,	0,	2200.47,	0,	2086.52,	0,	0,	356
358.085,	-77.949,	25,	25,	25,	25,	-614.873,	0,	2200.47,	0,	2086.52,	0,	0,	356
358.686,	-77.949,	25,	25,	25,	25,	-614.873,	0,	2200.47,	0,	2086.52,	0,	0,	356
359.274,	-77.949,	25,	25,	25,	25,	-614.873,	0,	2200.47,	0,	2086.52,	0,	0,	356
359.896,	-77.949,	25,	25,	25,	25,	-614.873,	0,	2200.47,	0,	2086.52,	0,	0,	356
360.467,	-77.949,	25,	25,	25,	25,	-614.873,	0,	2200.47,	0,	2086.52,	0,	0,	356
361.088,	-77.949,	25,	25,	25,	25,	-614.873,	0,	2200.47,	0,	2086.52,	0,	0,	356
361.698,	-77.949,	25,	25,	25,	25,	-614.873,	0,	2200.47,	0,	2086.52,	0,	0,	356
362.329,	-77.949,	25,	25,	25,	25,	-614.873,	0,	2200.47,	0,	2086.52,	0,	0,	356
362.967,	-77.949,	25,	25,	25,	25,	-614.873,	0,	2200.47,	0,	2086.52,	0,	0,	356
363.572,	-77.949,	25,	25,	25,	25,	-614.873,	0,	2200.47,	0,	2086.52,	0,	0,	356
364.17,	-77.949,	25,	25,	25,	25,	-614.873,	0,	2200.47,	0,	2086.52,	0,	0,	356
364.758,	-77.949,	25,	25,	25,	25,	-614.873,	0,	2200.47,	0,	2086.52,	0,	0,	356
365.359,	-77.949,	25,	25,	25,	25,	-614.873,	0,	2200.47,	0,	2086.52,	0,	0,	356
365.95,	-77.949,	25,	25,	25,	25,	-614.873,	0,	2200.47,	0,	2086.52,	0,	0,	356
366.559,	-77.949,	25,	25,	25,	25,	-614.873,	0,	2200.47,	0,	2086.52,	0,	0,	356
367.153,	-77.949,	25,	25,	25,	25,	-614.873,	0,	2200.47,	0,	2086.52,	0,	0,	356
367.74,	-77.949,	25,	25,	25,	25,	-614.873,	0,	2200.47,	0,	2086.52,	0,	0,	356
368.336,	-77.949,	25,	25,	25,	25,	-614.873,	0,	2200.47,	0,	2086.52,	0,	0,	356
368.939,	-77.949,	25,	25,	25,	25,	-614.873,	0,	2200.47,	0,	2086.52,	0,	0,	356
369.545,	-77.949,	25,	25,	25,	25,	-614.873,	0,	2200.47,	0,	2086.52,	0,	0,	356
370.133,	-77.949,	25,	25,	25,	25,	-614.873,	0,	2200.47,	0,	2086.52,	0,	0,	356
370.72,	-77.949,	25,	25,	25,	25,	-614.873,	0,	2200.47,	0,	2086.52,	0,	0,	356
371.285,	-77.949,	25,	25,	25,	25,	-614.873,	0,	2200.47,	0,	2086.52,	0,	0,	356
371.827,	-77.949,	25,	25,	25,	25,	-614.873,	0,	2200.47,	0,	2086.52,	0,	0,	356
372.392,	-77.949,	25,	25,	25,	25,	-614.873,	0,	2200.47,	0,	2086.52,	0,	0,	356
372.956,	-77.949,	25,	25,	25,	25,	-614.873,	0,	2200.47,	0,	2086.52,	0,	0,	356
373.504,	-77.949,	25,	25,	25,	25,	-614.873,	0,	2200.47,	0,	2086.52,	0,	0,	356
374.06,	-77.949,	25,	25,	25,	25,	-614.873,	0,	2200.47,	0,	2086.52,	0,	0,	356
374.623,	-77.949,	25,	25,	25,	25,	-614.873,	0,	2200.47,	0,	2086.52,	0,	0,	356
375.174,	-77.949,	25,	25,	25,	25,	-614.873,	0,	2200.47,	0,	2086.52,	0,	0,	356
375.749,	-77.949,	25,	25,	25,	25,	-614.873,	0,	2200.47,	0,	2086.52,	0,	0,	356
376.284,	-77.949,	25,	25,	25,	25,	-614.873,	0,	2200.47,	0,	2086.52,	0,	0,	356
376.851,	-77.949,	25,	25,	25,	25,	-614.873,	0,	2200.47,	0,	2086.52,	0,	0,	356
377.451,	-77.949,	25,	25,	25,	25,	-614.873,	0,	2200.47,	0,	2086.52,	0,	0,	356
378,	-77.949,	25,	25,	25,	25,	-614.873,	0,	2200.47,	0,	2086.52,	0,	0,	356
378.593,	-77.949,	25,	25,	25,	25,	-614.873,	0,	2200.47,	0,	2086.52,	0,	0,	356
379.156,	-77.949,	25,	25,	25,	25,	-614.873,	0,	2200.47,	0,	2086.52,	0,	0,	356
379.714,	-77.949,	25,	25,	25,	25,	-614.873,	0,	2200.47,	0,	2086.52,	0,	0,	356
380.275,	-77.949,	25,	25,	25,	25,	-614.873,	0,	2200.47,	0,	2086.52,	0,	0,	356
380.825,	-77.949,	25,	25,	25,	25,	-614.873,	0,	2200.47,	0,	2086.52,	0,	0,	356
381.412,	-77.949,	25,	25,	25,	25,	-614.873,	0,	2200.47,	0,	2086.52,	0,	0,	356
381.983,	-77.949,	25,	25,	25,	25,	-614.873,	0,	2200.47,	0,	2086.52,	0,	0,	356
382.533,	-77.949,	25,	25,	25,	25,	-614.873,	0,	2200.47,	0,	2086.52,	0,	0,	356
383.108,	-77.949,	25,	25,	25,	25,	-614.873,	0,	2200.47,	0,	2086.52,	0,	0,	356
383.713,	-77.949,	25,	25,	25,	25,	-614.873,	0,	2200.47,	0,	2086.52,	0,	0,	356
384.25,	-77.949,	25,	25,	25,	25,	-614.873,	0,	2200.47,	0,	2086.52,	0,	0,	356
384.811,	-77.949,	25,	25,	25,	25,	-614.873,	0,	2200.47,	0,	2086.52,	0,	0,	356
385.361,	-77.949,	25,	25,	25,	25,	-614.873,	0,	2200.47,	0,	2086.52,	0,	0,	356
385.922,	-77.949,	25,	25,	25,	25,	-614.873,	0,	2200.47,	0,	2086.52,	0,	0,	356
386.473,	-77.949,	25,	25,	25,	25,	-614.873,	0,	2200.47,	0,	2086.52,	0,	0,	356
387.033,	-77.949,	25,	25,	25,	25,	-614.873,	0,	2200.47,	0,	2086.52,	0,	0,	356
387.595,	-77.949,	25,	25,	25,	25,	-614.873,	0,	2200.47,	0,	2086.52,	0,	0,	356
388.147,	-77.949,	25,	25,	25,	25,	-614.873,	0,	2200.47,	0,	2086.52,	0,	0,	356
388.725,	-77.949,	25,	25,	25,	25,	-614.873,	0,	2200.47,	0,	2086.52,	0,	0,	356
389.265,	-77.949,	25,	25,	25,	25,	-614.873,	0,	2200.47,	0,	2086.52,	0,	0,	356
389.823,	-77.949,	25,	25,	25,	25,	-614.873,	0,	2200.47,	0,	2086.52,	0,	0,	356
390.39,	-77.949,	25,	25,	25,	25,	-614.873,	0,	2200.47,	0,	2086.52,	0,	0,	356
390.972,	-77.949,	25,	25,	25,	25,	-614.873,	0,	2200.47,	0,	2086.52,	0,	0,	356
391.573,	-77.949,	25,	25,	25,	25,	-614.873,	0,	2200.47,	0,	2086.52,	0,	0,	356
392.132,	-77.949,	25,	25,	25,	25,	-614.873,	0,	2200.47,	0,	2086.52,	0,	0,	356
392.721,	-77.949,	25,	25,	25,	25,	-614.873,	0,	2200.47,	0,	2086.52,	0,	0,	356
393.283,	-77.949,	25,	25,	25,	25,	-614.873,	0,	2200.47,	0,	2086.52,	0,	0,	356
393.835,	-77.949,	25,	25,	25,	25,	-614.873,	0,	2200.47,	0,	2086.52,	0,	0,	356
394.4,	-77.949,	25,	25,	25,	25,	-614.873,	0,	2200.47,	0,	2086.52,	0,	0,	356
394.951,	-77.949,	25,	25,	25,	25,	-614.873,	0,	2200.47,	0,	2086.52,	0,	0,	356
395.529,	-77.949,	25,	25,	25,	25,	-614.873,	0,	2200.47,	0,	2086.52,	0,	0,	356
396.118,	-77.949,	25,	25,	25,	25,	-614.873,	0,	2200.47,	0,	2086.52,	0,	0,	356
396.698,	-77.949,	25,	25,	25,	25,	-614.873,	0,	2200.47,	0,	2086.52,	0,	0,	356
397.262,	-77.949,	25,	25,	25,	25,	-614.873,	0,	2200.47,	0,	2086.52,	0,	0,	356
397.821,	-77.949,	25,	25,	25,	25,	-614.873,	0,	2200.47,	0,	2086.52,	0,	0,	356
398.399,	-77.949,	25,	25,	25,	25,	-614.873,	0,	2200.47,	0,	2086.52,	0,	0,	356
399.001,	-77.949,	25,	25,	25,	25,	-614.873,	0,	2200.47,	0,	2086.52,	0,	0,	356
399.584,	-77.949,	25,	25,	25,	25,	-614.873,	0,	2200.47,	0,	2086.52,	0,	0,	356
400.163,	-77.949,	25,	25,	25,	25,	-614.873,	0,	2200.47,	0,	2086.52,	0,	0,	356
400.725,	-77.949,	25,	25,	25,	25,	-614.873,	0,	2200.47,	0,	2086.52,	0,	0,	356
401.272,	-77.949,	25,	25,	25,	25,	-614.873,	0,	2200.47,	0,	2086.52,	0,	0,	356
401.838,	-77.949,	25,	25,	25,	25,	-614.873,	0,	2200.47,	0,	2086.52,	0,	0,	356
402.391,	-77.949,	25,	25,	25,	25,	-614.873,	0,	2200.47,	0,	2086.52,	0,	0,	356
402.985,	-77.949,	25,	25,	25,	25,	-614.873,	0,	2200.47,	0,	2086.52,	0,	0,	356
403.578,	-77.949,	25,	25,	25,	25,	-614.873,	0,	2200.47,	0,	2086.52,	0,	0,	356
404.14,	-77.949,	25,	25,	25,	25,	-614.873,	0,	2200.47,	0,	2086.52,	0,	0,	356
404.745,	-77.949,	25,	25,	25,	25,	-614.873,	0,	2200.47,	0,	2086.52,	0,	0,	356
405.292,	-77.949,	25,	25,	25,	25,	-614.873,	0,	2200.47,	0,	2086.52,	0,	0,	356
405.846,	-77.949,	25,	25,	25,	25,	-614.873,	0,	2200.47,	0,	2086.52,	0,	0,	356
406.436,	-77.949,	25,	25,	25,	25,	-614.873,	0,	2200.47,	0,	2086.52,	0,	0,	356
407,	-77.949,	25,	25,	25,	25,	-614.873,	0,	2200.47,	0,	2086.52,	0,	0,	356
407.564,	-77.949,	25,	25,	25,	25,	-614.873,	0,	2200.47,	0,	2086.52,	0,	0,	356
408.119,	-77.949,	25,	25,	25,	25,	-614.873,	0,	2200.47,	0,	2086.52,	0,	0,	356
408.714,	-77.949,	25,	25,	25,	25,	-614.873,	0,	2200.47,	0,	2086.52,	0,	0,	356
409.295,	-77.949,	25,	25,	25,	25,	-614.873,	0,	2200.47,	0,	2086.52,	0,	0,	356
409.864,	-77.949,	25,	25,	25,	25,	-614.873,	0,	2200.47,	0,	2086.52,	0,	0,	356
410.431,	-77.949,	25,	25,	25,	25,	-614.873,	0,	2200.47,	0,	2086.52,	0,	0,	356
410.99,	-77.949,	25,	25,	25,	25,	-614.873,	0,	2200.47,	0,	2086.52,	0,	0,	356
411.541,	-77.949,	25,	25,	25,	25,	-614.873,	0,	2200.47,	0,	2086.52,	0,	0,	356
412.103,	-77.949,	25,	25,	25,	25,	-614.873,	0,	2200.47,	0,	2086.52,	0,	0,	356
412.653,	-77.949,	25,	25,	25,	25,	-614.873,	0,	2200.47,	0,	2086.52,	0,	0,	356
413.248,	-77.949,	25,	25,	25,	25,	-614.873,	0,	2200.47,	0,	2086.52,	0,	0,	356
413.813,	-77.949,	25,	25,	25,	25,	-614.873,	0,	2200.47,	0,	2086.52,	0,	0,	356
414.366,	-77.949,	25,	25,	25,	25,	-614.873,	0,	2200.47,	0,	2086.52,	0,	0,	356
414.964,	-77.949,	25,	25,	25,	25,	-614.873,	0,	2200.47,	0,	2086.52,	0,	0,	356
415.513,	-77.949,	25,	25,	25,	25,	-614.873,	0,	2200.47,	0,	2086.52,	0,	0,	356
416.072,	-77.949,	25,	25,	25,	25,	-614.873,	0,	2200.47,	0,	2086.52,	0,	0,	356
416.639,	-77.949,	25,	25,	25,	25,	-614.873,	0,	2200.47,	0,	2086.52,	0,	0,	356
417.224,	-77.949,	25,	25,	25,	25,	-614.873,	0,	2200.47,	0,	2086.52,	0,	0,	356
417.814,	-77.949,	25,	25,	25,	25,	-614.873,	0,	2200.47,	0,	2086.52,	0,	0,	356
418.381,	-77.949,	25,	25,	25,	25,	-614.873,	0,	2200.47,	0,	2086.52,	0,	0,	356
418.975,	-77.949,	25,	25,	25,	25,	-614.873,	0,	2200.47,	0,	2086.52,	0,	0,	356
419.542,	-77.949,	25,	25,	25,	25,	-614.873,	0,	2200.47,	0,	2086.52,	0,	0,	356
420.092,	-77.949,	25,	25,	25,	25,	-614.873,	0,	2200.47,	0,	2086.52,	0,	0,	356
420.683,	-77.949,	25,	25,	25,	25,	-614.873,	0,	2200.47,	0,	2086.52,	0,	0,	356
421.247,	-77.949,	25,	25,	25,	25,	-614.873,	0,	2200.47,	0,	2086.52,	0,	0,	356
421.8,	-77.949,	25,	25,	25,	25,	-614.873,	0,	2200.47,	0,	2086.52,	0,	0,	356
422.376,	-77.949,	25,	25,	25,	25,	-614.873,	0,	2200.47,	0,	2086.52,	0,	0,	356
422.952,	-77.949,	25,	25,	25,	25,	-614.873,	0,	2200.47,	0,	2086.52,	0,	0,	356
423.516,	-77.949,	25,	25,	25,	25,	-614.873,	0,	2200.47,	0,	2086.52,	0,	0,	356
424.071,	-77.949,	25,	25,	25,	25,	-614.873,	0,	2200.47,	0,	2086.52,	0,	0,	356
424.625,	-77.949,	25,	25,	25,	25,	-614.873,	0,	2200.47,	0,	2086.52,	0,	0,	356
425.26,	-77.949,	25,	25,	25,	25,	-614.873,	0,	2200.47,	0,	2086.52,	0,	0,	356
425.816,	-77.949,	25,	25,	25,	25,	-614.873,	0,	2200.47,	0,	2086.52,	0,	0,	356
426.381,	-77.949,	25,	25,	25,	25,	-614.873,	0,	2200.47,	0,	2086.52,	0,	0,	356
426.972,	-77.949,	25,	25,	25,	25,	-614.873,	0,	2200.47,	0,	2086.52,	0,	0,	356
427.529,	-77.949,	25,	25,	25,	25,	-614.873,	0,	2200.47,	0,	2086.52,	0,	0,	356
428.125,	-77.949,	25,	25,	25,	25,	-614.873,	0,	2200.47,	0,	2086.52,	0,	0,	356
428.725,	-77.949,	25,	25,	25,	25,	-614.873,	0,	2200.47,	0,	2086.52,	0,	0,	356
429.327,	-77.949,	25,	25,	25,	25,	-614.873,	0,	2200.47,	0,	2086.52,	0,	0,	356
429.914,	-77.949,	25,	25,	25,	25,	-614.873,	0,	2200.47,	0,	2086.52,	0,	0,	356
430.51,	-77.949,	25,	25,	25,	25,	-614.873,	0,	2200.47,	0,	2086.52,	0,	0,	356
431.076,	-77.949,	25,	25,	25,	25,	-614.873,	0,	2200.47,	0,	2086.52,	0,	0,	356
431.662,	-77.949,	25,	25,	25,	25,	-614.873,	0,	2200.47,	0,	2086.52,	0,	0,	356
432.265,	-77.949,	25,	25,	25,	25,	-614.873,	0,	2200.47,	0,	2086.52,	0,	0,	356
432.854,	-77.949,	25,	25,	25,	25,	-614.873,	0,	2200.47,	0,	2086.52,	0,	0,	356
433.435,	-77.949,	25,	25,	25,	25,	-614.873,	0,	2200.47,	0,	2086.52,	0,	0,	356
434.013,	-77.949,	25,	25,	25,	25,	-614.873,	0,	2200.47,	0,	2086.52,	0,	0,	356
434.6,	-77.949,	25,	25,	25,	25,	-614.873,	0,	2200.47,	0,	2086.52,	0,	0,	356
435.171,	-77.949,	25,	25,	25,	25,	-614.873,	0,	2200.47,	0,	2086.52,	0,	0,	356
435.764,	-77.949,	25,	25,	25,	25,	-614.873,	0,	2200.47,	0,	2086.52,	0,	0,	356
436.375,	-77.949,	25,	25,	25,	25,	-614.873,	0,	2200.47,	0,	2086.52,	0,	0,	356
436.962,	-77.949,	25,	25,	25,	25,	-614.873,	0,	2200.47,	0,	2086.52,	0,	0,	356
437.545,	-77.949,	25,	25,	25,	25,	-614.873,	0,	2200.47,	0,	2086.52,	0,	0,	356
438.117,	-77.949,	25,	25,	25,	25,	-614.873,	0,	2200.47,	0,	2086.52,	0,	0,	356
438.71,	-77.949,	25,	25,	25,	25,	-614.873,	0,	2200.47,	0,	2086.52,	0,	0,	356
439.319,	-77.949,	25,	25,	25,	25,	-614.873,	0,	2200.47,	0,	2086.52,	0,	0,	356
439.897,	-77.949,	25,	25,	25,	25,	-614.873,	0,	2200.47,	0,	2086.52,	0,	0,	356
440.49,	-77.949,	25,	25,	25,	25,	-614.873,	0,	2200.47,	0,	2086.52,	0,	0,	356
441.053,	-77.949,	25,	25,	25,	25,	-614.873,	0,	2200.47,	0,	2086.52,	0,	0,	356
441.655,	-77.949,	25,	25,	25,	25,	-614.873,	0,	2200.47,	0,	2086.52,	0,	0,	356
442.234,	-77.949,	25,	25,	25,	25,	-614.873,	0,	2200.47,	0,	2086.52,	0,	0,	356
442.791,	-77.949,	25,	25,	25,	25,	-614.873,	0,	2200.47,	0,	2086.52,	0,	0,	356
443.354,	-77.949,	25,	25,	25,	25,	-614.873,	0,	2200.47,	0,	2086.52,	0,	0,	356
443.956,	-77.949,	25,	25,	25,	25,	-614.873,	0,	2200.47,	0,	2086.52,	0,	0,	356
444.543,	-77.949,	25,	25,	25,	25,	-614.873,	0,	2200.47,	0,	2086.52,	0,	0,	356
445.14,	-77.949,	25,	25,	25,	25,	-614.873,	0,	2200.47,	0,	2086.52,	0,	0,	356
445.744,	-77.949,	25,	25,	25,	25,	-614.873,	0,	2200.47,	0,	2086.52,	0,	0,	356
446.334,	-77.949,	25,	25,	25,	25,	-614.873,	0,	2200.47,	0,	2086.52,	0,	0,	356
446.97,	-77.949,	25,	25,	25,	25,	-614.873,	0,	2200.47,	0,	2086.52,	0,	0,	356
447.576,	-77.949,	25,	25,	25,	25,	-614.873,	0,	2200.47,	0,	2086.52,	0,	0,	356
448.17,	-77.949,	25,	25,	25,	25,	-614.873,	0,	2200.47,	0,	2086.52,	0,	0,	356
448.755,	-77.949,	25,	25,	25,	25,	-614.873,	0,	2200.47,	0,	2086.52,	0,	0,	356
449.354,	-77.949,	25,	25,	25,	25,	-614.873,	0,	2200.47,	0,	2086.52,	0,	0,	356
449.954,	-77.949,	25,	25,	25,	25,	-614.873,	0,	2200.47,	0,	2086.52,	0,	0,	356
450.543,	-77.949,	25,	25,	25,	25,	-614.873,	0,	2200.47,	0,	2086.52,	0,	0,	356
451.152,	-77.949,	25,	25,	25,	25,	-614.873,	0,	2200.47,	0,	2086.52,	0,	0,	356
451.734,	-77.949,	25,	25,	25,	25,	-614.873,	0,	2200.47,	0,	2086.52,	0,	0,	356
452.335,	-77.949,	25,	25,	25,	25,	-614.873,	0,	2200.47,	0,	2086.52,	0,	0,	356
452.941,	-77.949,	25,	25,	25,	25,	-614.873,	0,	2200.47,	0,	2086.52,	0,	0,	356
453.54,	-77.949,	25,	25,	25,	25,	-614.873,	0,	2200.47,	0,	2086.52,	0,	0,	356
454.131,	-77.949,	25,	25,	25,	25,	-614.873,	0,	2200.47,	0,	2086.52,	0,	0,	356
454.721,	-77.949,	25,	25,	25,	25,	-614.873,	0,	2200.47,	0,	2086.52,	0,	0,	356
455.314,	-77.949,	25,	25,	25,	25,	-614.873,	0,	2200.47,	0,	2086.52,	0,	0,	356
455.915,	-77.949,	25,	25,	25,	25,	-614.873,	0,	2200.47,	0,	2086.52,	0,	0,	356
456.522,	-77.949,	25,	25,	25,	25,	-614.873,	0,	2200.47,	0,	2086.52,	0,	0,	356
457.115,	-77.949,	25,	25,	25,	25,	-614.873,	0,	2200.47,	0,	2086.52,	0,	0,	356
457.7,	-77.949,	25,	25,	25,	25,	-614.873,	0,	2200.47,	0,	2086.52,	0,	0,	356
458.304,	-77.949,	25,	25,	25,	25,	-614.873,	0,	2200.47,	0,	2086.52,	0,	0,	356
458.893,	-77.949,	25,	25,	25,	25,	-614.873,	0,	2200.47,	0,	2086.52,	0,	0,	356
459.502,	-77.949,	25,	25,	25,	25,	-614.873,	0,	2200.47,	0,	2086.52,	0,	0,	356
460.098,	-77.949,	25,	25,	25,	25,	-614.873,	0,	2200.47,	0,	2086.52,	0,	0,	356
460.682,	-77.949,	25,	25,	25,	25,	-614.873,	0,	2200.47,	0,	2086.52,	0,	0,	356
461.283,	-77.949,	25,	25,	25,	25,	-614.873,	0,	2200.47,	0,	2086.52,	0,	0,	356
461.873,	-77.949,	25,	25,	25,	25,	-614.873,	0,	2200.47,	0,	2086.52,	0,	0,	356
462.482,	-77.949,	25,	25,	25,	25,	-614.873,	0,	2200.47,	0,	2086.52,	0,	0,	356
463.066,	-77.949,	25,	25,	25,	25,	-614.873,	0,	2200.47,	0,	2086.52,	0,	0,	356
463.663,	-77.949,	25,	25,	25,	25,	-614.873,	0,	2200.47,	0,	2086.52,	0,	0,	356
464.264,	-77.949,	25,	25,	25,	25,	-614.873,	0,	2200.47,	0,	2086.52,	0,	0,	356
464.857,	-77.949,	25,	25,	25,	25,	-614.873,	0,	2200.47,	0,	2086.52,	0,	0,	356
465.47,	-77.949,	25,	25,	25,	25,	-614.873,	0,	2200.47,	0,	2086.52,	0,	0,	356
466.043,	-77.949,	25,	25,	25,	25,	-614.873,	0,	2200.47,	0,	2086.52,	0,	0,	356
466.642,	-77.949,	25,	25,	25,	25,	-614.873,	0,	2200.47,	0,	2086.52,	0,	0,	356
467.244,	-77.949,	25,	25,	25,	25,	-614.873,	0,	2200.47,	0,	2086.52,	0,	0,	356
467.835,	-77.949,	25,	25,	25,	25,	-614.873,	0,	2200.47,	0,	2086.52,	0,	0,	356
468.452,	-77.949,	25,	25,	25,	25,	-614.873,	0,	2200.47,	0,	2086.52,	0,	0,	356
469.063,	-77.949,	25,	25,	25,	25,	-614.873,	0,	2200.47,	0,	2086.52,	0,	0,	356
469.665,	-77.949,	25,	25,	25,	25,	-614.873,	0,	2200.47,	0,	2086.52,	0,	0,	356
470.262,	-77.949,	25,	25,	25,	25,	-614.873,	0,	2200.47,	0,	2086.52,	0,	0,	356
470.856,	-77.949,	25,	25,	25,	25,	-614.873,	0,	2200.47,	0,	2086.52,	0,	0,	356
471.47,	-77.949,	25,	25,	25,	25,	-614.873,	0,	2200.47,	0,	2086.52,	0,	0,	356
472.043,	-77.949,	25,	25,	25,	25,	-614.873,	0,	2200.47,	0,	2086.52,	0,	0,	356
472.65,	-77.949,	25,	25,	25,	25,	-614.873,	0,	2200.47,	0,	2086.52,	0,	0,	356
473.204,	-77.949,	25,	25,	25,	25,	-614.873,	0,	2200.47,	0,	2086.52,	0,	0,	356
473.756,	-77.949,	25,	25,	25,	25,	-614.873,	0,	2200.47,	0,	2086.52,	0,	0,	356
474.364,	-77.949,	25,	25,	25,	25,	-614.873,	0,	2200.47,	0,	2086.52,	0,	0,	356
474.958,	-77.949,	25,	25,	25,	25,	-614.873,	0,	2200.47,	0,	2086.52,	0,	0,	356
475.512,	-77.949,	25,	25,	25,	25,	-614.873,	0,	2200.47,	0,	2086.52,	0,	0,	356
476.063,	-77.949,	25,	25,	25,	25,	-614.873,	0,	2200.47,	0,	2086.52,	0,	0,	356
476.643,	-77.949,	25,	25,	25,	25,	-614.873,	0,	2200.47,	0,	2086.52,	0,	0,	356
477.185,	-77.949,	25,	25,	25,	25,	-614.873,	0,	2200.47,	0,	2086.52,	0,	0,	356
477.774,	-77.949,	25,	25,	25,	25,	-614.873,	0,	2200.47,	0,	2086.52,	0,	0,	356
478.331,	-77.949,	25,	25,	25,	25,	-614.873,	0,	2200.47,	0,	2086.52,	0,	0,	356
478.926,	-77.949,	25,	25,	25,	25,	-614.873,	0,	2200.47,	0,	2086.52,	0,	0,	356
479.523,	-77.949,	25,	25,	25,	25,	-614.873,	0,	2200.47,	0,	2086.52,	0,	0,	356
480.09,	-77.949,	25,	25,	25,	25,	-614.873,	0,	2200.47,	0,	2086.52,	0,	0,	356
480.636,	-77.949,	25,	25,	25,	25,	-614.873,	0,	2200.47,	0,	2086.52,	0,	0,	356
481.187,	-77.949,	25,	25,	25,	25,	-614.873,	0,	2200.47,	0,	2086.52,	0,	0,	356
481.758,	-77.949,	25,	25,	25,	25,	-614.873,	0,	2200.47,	0,	2086.52,	0,	0,	356
482.316,	-77.949,	25,	25,	25,	25,	-614.873,	0,	2200.47,	0,	2086.52,	0,	0,	356
482.873,	-77.949,	25,	25,	25,	25,	-614.873,	0,	2200.47,	0,	2086.52,	0,	0,	356
483.421,	-77.949,	25,	25,	25,	25,	-614.873,	0,	2200.47,	0,	2086.52,	0,	0,	356
483.984,	-77.949,	25,	25,	25,	25,	-614.873,	0,	2200.47,	0,	2086.52,	0,	0,	356
484.546,	-77.949,	25,	25,	25,	25,	-614.873,	0,	2200.47,	0,	2086.52,	0,	0,	356
485.097,	-77.949,	25,	25,	25,	25,	-614.873,	0,	2200.47,	0,	2086.52,	0,	0,	356
485.654,	-77.949,	25,	25,	25,	25,	-614.873,	0,	2200.47,	0,	2086.52,	0,	0,	356
486.219,	-77.949,	25,	25,	25,	25,	-614.873,	0,	2200.47,	0,	2086.52,	0,	0,	356
486.765,	-77.949,	25,	25,	25,	25,	-614.873,	0,	2200.47,	0,	2086.52,	0,	0,	356
487.333,	-77.949,	25,	25,	25,	25,	-614.873,	0,	2200.47,	0,	2086.52,	0,	0,	356
487.873,	-77.949,	25,	25,	25,	25,	-614.873,	0,	2200.47,	0,	2086.52,	0,	0,	356
488.44,	-77.949,	25,	25,	25,	25,	-614.873,	0,	2200.47,	0,	2086.52,	0,	0,	356
489.041,	-77.949,	25,	25,	25,	25,	-614.873,	0,	2200.47,	0,	2086.52,	0,	0,	356
489.594,	-77.949,	25,	25,	25,	25,	-614.873,	0,	2200.47,	0,	2086.52,	0,	0,	356
490.151,	-77.949,	25,	25,	25,	25,	-614.873,	0,	2200.47,	0,	2086.52,	0,	0,	356
490.71,	-77.949,	25,	25,	25,	25,	-614.873,	0,	2200.47,	0,	2086.52,	0,	0,	356
491.303,	-77.949,	25,	25,	25,	25,	-614.873,	0,	2200.47,	0,	2086.52,	0,	0,	356
491.865,	-77.949,	25,	25,	25,	25,	-614.873,	0,	2200.47,	0,	2086.52,	0,	0,	356
492.415,	-77.949,	25,	25,	25,	25,	-614.873,	0,	2200.47,	0,	2086.52,	0,	0,	356
492.984,	-77.949,	25,	25,	25,	25,	-614.873,	0,	2200.47,	0,	2086.52,	0,	0,	356
493.53,	-77.949,	25,	25,	25,	25,	-614.873,	0,	2200.47,	0,	2086.52,	0,	0,	356
494.088,	-77.949,	25,	25,	25,	25,	-614.873,	0,	2200.47,	0,	2086.52,	0,	0,	356
494.658,	-77.949,	25,	25,	25,	25,	-614.873,	0,	2200.47,	0,	2086.52,	0,	0,	356
495.21,	-77.949,	25,	25,	25,	25,	-614.873,	0,	2200.47,	0,	2086.52,	0,	0,	356
495.807,	-77.949,	25,	25,	25,	25,	-614.873,	0,	2200.47,	0,	2086.52,	0,	0,	356
496.353,	-77.949,	25,	25,	25,	25,	-614.873,	0,	2200.47,	0,	2086.52,	0,	0,	356
496.911,	-77.949,	25,	25,	25,	25,	-614.873,	0,	2200.47,	0,	2086.52,	0,	0,	356
497.502,	-77.949,	25,	25,	25,	25,	-614.873,	0,	2200.47,	0,	2086.52,	0,	0,	356
498.073,	-77.949,	25,	25,	25,	25,	-614.873,	0,	2200.47,	0,	2086.52,	0,	0,	356
498.623,	-77.949,	25,	25,	25,	25,	-614.873,	0,	2200.47,	0,	2086.52,	0,	0,	356
499.185,	-77.949,	25,	25,	25,	25,	-614.873,	0,	2200.47,	0,	2086.52,	0,	0,	356
499.782,	-77.949,	25,	25,	25,	25,	-614.873,	0,	2200.47,	0,	2086.52,	0,	0,	356
500.359,	-77.949,	25,	25,	25,	25,	-614.873,	0,	2200.47,	0,	2086.52,	0,	0,	356
500.926,	-77.949,	25,	25,	25,	25,	-614.873,	0,	2200.47,	0,	2086.52,	0,	0,	356
501.485,	-77.949,	25,	25,	25,	25,	-614.873,	0,	2200.47,	0,	2086.52,	0,	0,	356
502.082,	-77.949,	25,	25,	25,	25,	-614.873,	0,	2200.47,	0,	2086.52,	0,	0,	356
502.642,	-77.949,	25,	25,	25,	25,	-614.873,	0,	2200.47,	0,	2086.52,	0,	0,	356
503.202,	-77.949,	25,	25,	25,	25,	-614.873,	0,	2200.47,	0,	2086.52,	0,	0,	356
503.793,	-77.949,	25,	25,	25,	25,	-614.873,	0,	2200.47,	0,	2086.52,	0,	0,	356
504.344,	-77.949,	25,	25,	25,	25,	-614.873,	0,	2200.47,	0,	2086.52,	0,	0,	356
504.916,	-77.949,	25,	25,	25,	25,	-614.873,	0,	2200.47,	0,	2086.52,	0,	0,	356
