#! time [s],	camera1/temperature_degC,	laser1/line1/measured_power,	laser1/line1/set_power,	laser2/line1/measured_power,	laser2/line1/set_power,	stagex/position,	stagex/velocity,	stagey/position,	stagey/velocity,	stagez/position,	stagez/velocity,	transmission/line1/measured_power,	transmission/line1/set_power
0,	-77.949,	25,	25,	25,	25,	-255.514,	0,	2316.25,	0,	-447.444,	0,	0,	356
0.573,	-77.949,	25,	25,	25,	25,	-255.514,	0,	2316.25,	0,	-447.444,	0,	0,	356
1.12,	-77.949,	25,	25,	25,	25,	-255.514,	0,	2316.25,	0,	-447.444,	0,	0,	356
1.671,	-77.949,	25,	25,	25,	25,	-255.514,	0,	2316.25,	0,	-447.444,	0,	0,	356
2.274,	-77.949,	25,	25,	25,	25,	-255.514,	0,	2316.25,	0,	-447.444,	0,	0,	356
2.823,	-77.949,	25,	25,	25,	25,	-255.514,	0,	2316.25,	0,	-447.444,	0,	0,	356
3.381,	-77.949,	25,	25,	25,	25,	-255.514,	0,	2316.25,	0,	-447.444,	0,	0,	356
3.95,	-77.949,	25,	25,	25,	25,	-255.514,	0,	2316.25,	0,	-447.444,	0,	0,	356
4.559,	-77.949,	25,	25,	25,	25,	-255.514,	0,	2316.25,	0,	-447.444,	0,	0,	356
5.11,	-77.949,	25,	25,	25,	25,	-255.514,	0,	2316.25,	0,	-447.444,	0,	0,	356
5.651,	-77.949,	25,	25,	25,	25,	-255.514,	0,	2316.25,	0,	-447.444,	0,	0,	356
6.207,	-77.949,	25,	25,	25,	25,	-255.514,	0,	2316.25,	0,	-447.444,	0,	0,	356
6.781,	-77.949,	25,	25,	25,	25,	-255.514,	0,	2316.25,	0,	-447.444,	0,	0,	356
7.322,	-77.949,	25,	25,	25,	25,	-255.514,	0,	2316.25,	0,	-447.444,	0,	0,	356
7.878,	-77.949,	25,	25,	25,	25,	-255.514,	0,	2316.25,	0,	-447.444,	0,	0,	356
8.447,	-77.949,	25,	25,	25,	25,	-255.514,	0,	2316.25,	0,	-447.444,	0,	0,	356
9.032,	-77.949,	25,	25,	25,	25,	-255.514,	0,	2316.25,	0,	-447.444,	0,	0,	356
9.62,	-77.949,	25,	25,	25,	25,	-255.514,	0,	2316.25,	0,	-447.444,	0,	0,	356
10.192,	-77.949,	25,	25,	25,	25,	-255.514,	0,	2316.25,	0,	-447.444,	0,	0,	356
10.782,	-77.949,	25,	25,	25,	25,	-255.514,	0,	2316.25,	0,	-447.444,	0,	0,	356
11.345,	-77.949,	25,	25,	25,	25,	-255.514,	0,	2316.25,	0,	-447.444,	0,	0,	356
11.889,	-77.949,	25,	25,	25,	25,	-255.514,	0,	2316.25,	0,	-447.444,	0,	0,	356
12.46,	-77.949,	25,	25,	25,	25,	-255.514,	0,	2316.25,	0,	-447.444,	0,	0,	356
13.049,	-77.949,	25,	25,	25,	25,	-255.514,	0,	2316.25,	0,	-447.444,	0,	0,	356
13.613,	-77.949,	25,	25,	25,	25,	-255.514,	0,	2316.25,	0,	-447.444,	0,	0,	356
14.168,	-77.949,	25,	25,	25,	25,	-255.514,	0,	2316.25,	0,	-447.444,	0,	0,	356
14.719,	-77.949,	25,	25,	25,	25,	-255.514,	0,	2316.25,	0,	-447.444,	0,	0,	356
15.282,	-77.949,	25,	25,	25,	25,	-255.514,	0,	2316.25,	0,	-447.444,	0,	0,	356
15.836,	-77.949,	25,	25,	25,	25,	-255.514,	0,	2316.25,	0,	-447.444,	0,	0,	356
16.388,	-77.949,	25,	25,	25,	25,	-255.514,	0,	2316.25,	0,	-447.444,	0,	0,	356
16.963,	-77.949,	25,	25,	25,	25,	-255.514,	0,	2316.25,	0,	-447.444,	0,	0,	356
17.554,	-77.949,	25,	25,	25,	25,	-255.514,	0,	2316.25,	0,	-447.444,	0,	0,	356
18.102,	-77.949,	25,	25,	25,	25,	-255.514,	0,	2316.25,	0,	-447.444,	0,	0,	356
18.66,	-77.949,	25,	25,	25,	25,	-255.514,	0,	2316.25,	0,	-447.444,	0,	0,	356
19.222,	-77.949,	25,	25,	25,	25,	-255.514,	0,	2316.25,	0,	-447.444,	0,	0,	356
19.783,	-77.949,	25,	25,	25,	25,	-255.514,	0,	2316.25,	0,	-447.444,	0,	0,	356
20.332,	-77.949,	25,	25,	25,	25,	-255.514,	0,	2316.25,	0,	-447.444,	0,	0,	356
20.886,	-77.949,	25,	25,	25,	25,	-255.514,	0,	2316.25,	0,	-447.444,	0,	0,	356
21.453,	-77.949,	25,	25,	25,	25,	-255.514,	0,	2316.25,	0,	-447.444,	0,	0,	356
22.047,	-77.949,	25,	25,	25,	25,	-255.514,	0,	2316.25,	0,	-447.444,	0,	0,	356
22.622,	-77.949,	25,	25,	25,	25,	-255.514,	0,	2316.25,	0,	-447.444,	0,	0,	356
23.214,	-77.949,	25,	25,	25,	25,	-255.514,	0,	2316.25,	0,	-447.444,	0,	0,	356
23.791,	-77.949,	25,	25,	25,	25,	-255.514,	0,	2316.25,	0,	-447.444,	0,	0,	356
24.356,	-77.949,	25,	25,	25,	25,	-255.514,	0,	2316.25,	0,	-447.444,	0,	0,	356
24.905,	-77.949,	25,	25,	25,	25,	-255.514,	0,	2316.25,	0,	-447.444,	0,	0,	356
25.476,	-77.949,	25,	25,	25,	25,	-255.514,	0,	2316.25,	0,	-447.444,	0,	0,	356
26.058,	-77.949,	25,	25,	25,	25,	-255.514,	0,	2316.25,	0,	-447.444,	0,	0,	356
26.66,	-77.949,	25,	25,	25,	25,	-255.514,	0,	2316.25,	0,	-447.444,	0,	0,	356
27.227,	-77.949,	25,	25,	25,	25,	-255.514,	0,	2316.25,	0,	-447.444,	0,	0,	356
27.811,	-77.949,	25,	25,	25,	25,	-255.514,	0,	2316.25,	0,	-447.444,	0,	0,	356
28.372,	-77.949,	25,	25,	25,	25,	-255.514,	0,	2316.25,	0,	-447.444,	0,	0,	356
28.925,	-77.949,	25,	25,	25,	25,	-255.514,	0,	2316.25,	0,	-447.444,	0,	0,	356
29.48,	-77.949,	25,	25,	25,	25,	-255.514,	0,	2316.25,	0,	-447.444,	0,	0,	356
30.057,	-77.949,	25,	25,	25,	25,	-255.514,	0,	2316.25,	0,	-447.444,	0,	0,	356
30.663,	-77.949,	25,	25,	25,	25,	-255.514,	0,	2316.25,	0,	-447.444,	0,	0,	356
31.239,	-77.949,	25,	25,	25,	25,	-255.514,	0,	2316.25,	0,	-447.444,	0,	0,	356
31.786,	-77.949,	25,	25,	25,	25,	-255.514,	0,	2316.25,	0,	-447.444,	0,	0,	356
32.345,	-77.949,	25,	25,	25,	25,	-255.514,	0,	2316.25,	0,	-447.444,	0,	0,	356
32.909,	-77.949,	25,	25,	25,	25,	-255.514,	0,	2316.25,	0,	-447.444,	0,	0,	356
33.461,	-77.949,	25,	25,	25,	25,	-255.514,	0,	2316.25,	0,	-447.444,	0,	0,	356
34.07,	-77.949,	25,	25,	25,	25,	-255.514,	0,	2316.25,	0,	-447.444,	0,	0,	356
34.658,	-77.949,	25,	25,	25,	25,	-255.514,	0,	2316.25,	0,	-447.444,	0,	0,	356
35.207,	-77.949,	25,	25,	25,	25,	-255.514,	0,	2316.25,	0,	-447.444,	0,	0,	356
35.81,	-77.949,	25,	25,	25,	25,	-255.514,	0,	2316.25,	0,	-447.444,	0,	0,	356
36.363,	-77.949,	25,	25,	25,	25,	-255.514,	0,	2316.25,	0,	-447.444,	0,	0,	356
36.918,	-77.949,	25,	25,	25,	25,	-255.514,	0,	2316.25,	0,	-447.444,	0,	0,	356
37.483,	-77.949,	25,	25,	25,	25,	-255.514,	0,	2316.25,	0,	-447.444,	0,	0,	356
38.092,	-77.949,	25,	25,	25,	25,	-255.514,	0,	2316.25,	0,	-447.444,	0,	0,	356
38.704,	-77.949,	25,	25,	25,	25,	-255.514,	0,	2316.25,	0,	-447.444,	0,	0,	356
39.301,	-77.949,	25,	25,	25,	25,	-255.514,	0,	2316.25,	0,	-447.444,	0,	0,	356
39.86,	-77.949,	25,	25,	25,	25,	-255.514,	0,	2316.25,	0,	-447.444,	0,	0,	356
40.419,	-77.949,	25,	25,	25,	25,	-255.514,	0,	2316.25,	0,	-447.444,	0,	0,	356
40.967,	-77.949,	25,	25,	25,	25,	-255.514,	0,	2316.25,	0,	-447.444,	0,	0,	356
41.578,	-77.949,	25,	25,	25,	25,	-255.514,	0,	2316.25,	0,	-447.444,	0,	0,	356
42.137,	-77.949,	25,	25,	25,	25,	-255.514,	0,	2316.25,	0,	-447.444,	0,	0,	356
42.723,	-77.949,	25,	25,	25,	25,	-255.514,	0,	2316.25,	0,	-447.444,	0,	0,	356
43.319,	-77.949,	25,	25,	25,	25,	-255.514,	0,	2316.25,	0,	-447.444,	0,	0,	356
43.879,	-77.949,	25,	25,	25,	25,	-255.514,	0,	2316.25,	0,	-447.444,	0,	0,	356
44.443,	-77.949,	25,	25,	25,	25,	-255.514,	0,	2316.25,	0,	-447.444,	0,	0,	356
44.994,	-77.949,	25,	25,	25,	25,	-255.514,	0,	2316.25,	0,	-447.444,	0,	0,	356
45.591,	-77.949,	25,	25,	25,	25,	-255.514,	0,	2316.25,	0,	-447.444,	0,	0,	356
46.151,	-77.949,	25,	25,	25,	25,	-255.514,	0,	2316.25,	0,	-447.444,	0,	0,	356
46.707,	-77.949,	25,	25,	25,	25,	-255.514,	0,	2316.25,	0,	-447.444,	0,	0,	356
47.311,	-77.949,	25,	25,	25,	25,	-255.514,	0,	2316.25,	0,	-447.444,	0,	0,	356
47.93,	-77.949,	25,	25,	25,	25,	-255.514,	0,	2316.25,	0,	-447.444,	0,	0,	356
48.489,	-77.949,	25,	25,	25,	25,	-255.514,	0,	2316.25,	0,	-447.444,	0,	0,	356
49.091,	-77.949,	25,	25,	25,	25,	-255.514,	0,	2316.25,	0,	-447.444,	0,	0,	356
49.653,	-77.949,	25,	25,	25,	25,	-255.514,	0,	2316.25,	0,	-447.444,	0,	0,	356
50.251,	-77.949,	25,	25,	25,	25,	-255.514,	0,	2316.25,	0,	-447.444,	0,	0,	356
50.837,	-77.949,	25,	25,	25,	25,	-255.514,	0,	2316.25,	0,	-447.444,	0,	0,	356
51.423,	-77.949,	25,	25,	25,	25,	-255.514,	0,	2316.25,	0,	-447.444,	0,	0,	356
51.994,	-77.949,	25,	25,	25,	25,	-255.514,	0,	2316.25,	0,	-447.444,	0,	0,	356
52.582,	-77.949,	25,	25,	25,	25,	-255.514,	0,	2316.25,	0,	-447.444,	0,	0,	356
53.156,	-77.949,	25,	25,	25,	25,	-255.514,	0,	2316.25,	0,	-447.444,	0,	0,	356
53.755,	-77.949,	25,	25,	25,	25,	-255.514,	0,	2316.25,	0,	-447.444,	0,	0,	356
54.339,	-77.949,	25,	25,	25,	25,	-255.514,	0,	2316.25,	0,	-447.444,	0,	0,	356
54.9,	-77.949,	25,	25,	25,	25,	-255.514,	0,	2316.25,	0,	-447.444,	0,	0,	356
55.49,	-77.949,	25,	25,	25,	25,	-255.514,	0,	2316.25,	0,	-447.444,	0,	0,	356
56.11,	-77.949,	25,	25,	25,	25,	-255.514,	0,	2316.25,	0,	-447.444,	0,	0,	356
56.677,	-77.949,	25,	25,	25,	25,	-255.514,	0,	2316.25,	0,	-447.444,	0,	0,	356
57.241,	-77.949,	25,	25,	25,	25,	-255.514,	0,	2316.25,	0,	-447.444,	0,	0,	356
57.848,	-77.949,	25,	25,	25,	25,	-255.514,	0,	2316.25,	0,	-447.444,	0,	0,	356
58.43,	-77.949,	25,	25,	25,	25,	-255.514,	0,	2316.25,	0,	-447.444,	0,	0,	356
58.991,	-77.949,	25,	25,	25,	25,	-255.514,	0,	2316.25,	0,	-447.444,	0,	0,	356
59.582,	-77.949,	25,	25,	25,	25,	-255.514,	0,	2316.25,	0,	-447.444,	0,	0,	356
60.144,	-77.949,	25,	25,	25,	25,	-255.514,	0,	2316.25,	0,	-447.444,	0,	0,	356
60.741,	-77.949,	25,	25,	25,	25,	-255.514,	0,	2316.25,	0,	-447.444,	0,	0,	356
61.334,	-77.949,	25,	25,	25,	25,	-255.514,	0,	2316.25,	0,	-447.444,	0,	0,	356
61.952,	-77.949,	25,	25,	25,	25,	-255.514,	0,	2316.25,	0,	-447.444,	0,	0,	356
62.523,	-77.949,	25,	25,	0,	25,	-255.514,	0,	2316.25,	0,	-447.444,	0,	0,	356
63.088,	-77.949,	25,	25,	25,	25,	-255.514,	0,	2316.25,	0,	-447.444,	0,	0,	356
63.679,	-77.949,	25,	25,	25,	25,	-255.514,	0,	2316.25,	0,	-447.444,	0,	0,	356
64.271,	-77.949,	25,	25,	25,	25,	-255.514,	0,	2316.25,	0,	-447.444,	0,	0,	356
64.887,	-77.949,	25,	25,	25,	25,	-255.514,	0,	2316.25,	0,	-447.444,	0,	0,	356
65.47,	-77.949,	25,	25,	25,	25,	-255.514,	0,	2316.25,	0,	-447.444,	0,	0,	356
66.1,	-77.949,	25,	25,	25,	25,	-255.514,	0,	2316.25,	0,	-447.444,	0,	0,	356
66.663,	-77.949,	25,	25,	25,	25,	-255.514,	0,	2316.25,	0,	-447.444,	0,	0,	356
67.261,	-77.949,	25,	25,	25,	25,	-255.514,	0,	2316.25,	0,	-447.444,	0,	0,	356
67.879,	-77.949,	25,	25,	25,	25,	-255.514,	0,	2316.25,	0,	-447.444,	0,	0,	356
68.452,	-77.949,	25,	25,	25,	25,	-255.514,	0,	2316.25,	0,	-447.444,	0,	0,	356
69.06,	-77.949,	25,	25,	25,	25,	-255.514,	0,	2316.25,	0,	-447.444,	0,	0,	356
69.643,	-77.949,	25,	25,	25,	25,	-255.514,	0,	2316.25,	0,	-447.444,	0,	0,	356
70.24,	-77.949,	0,	25,	25,	25,	-255.514,	0,	2316.25,	0,	-447.444,	0,	0,	356
70.849,	-77.949,	25,	25,	25,	25,	-255.514,	0,	2316.25,	0,	-447.444,	0,	0,	356
71.431,	-77.949,	25,	25,	25,	25,	-255.514,	0,	2316.25,	0,	-447.444,	0,	0,	356
72.041,	-77.949,	25,	25,	25,	25,	-255.514,	0,	2316.25,	0,	-447.444,	0,	0,	356
72.629,	-77.949,	25,	25,	25,	25,	-255.514,	0,	2316.25,	0,	-447.444,	0,	0,	356
73.223,	-77.949,	25,	25,	25,	25,	-255.514,	0,	2316.25,	0,	-447.444,	0,	0,	356
73.827,	-77.949,	25,	25,	25,	25,	-255.514,	0,	2316.25,	0,	-447.444,	0,	0,	356
74.414,	-77.949,	25,	25,	25,	25,	-255.514,	0,	2316.25,	0,	-447.444,	0,	0,	356
75.018,	-77.949,	25,	25,	25,	25,	-255.514,	0,	2316.25,	0,	-447.444,	0,	0,	356
75.606,	-77.949,	25,	25,	25,	25,	-255.514,	0,	2316.25,	0,	-447.444,	0,	0,	356
76.211,	-77.949,	25,	25,	25,	25,	-255.514,	0,	2316.25,	0,	-447.444,	0,	0,	356
76.827,	-77.949,	25,	25,	25,	25,	-255.514,	0,	2316.25,	0,	-447.444,	0,	0,	356
77.432,	-77.949,	25,	25,	25,	25,	-255.514,	0,	2316.25,	0,	-447.444,	0,	0,	356
78.032,	-77.949,	25,	25,	25,	25,	-255.514,	0,	2316.25,	0,	-447.444,	0,	0,	356
78.625,	-77.949,	25,	25,	25,	25,	-255.514,	0,	2316.25,	0,	-447.444,	0,	0,	356
79.259,	-77.949,	25,	25,	25,	25,	-255.514,	0,	2316.25,	0,	-447.444,	0,	0,	356
79.877,	-77.949,	25,	25,	25,	25,	-255.514,	0,	2316.25,	0,	-447.444,	0,	0,	356
80.483,	-77.949,	25,	25,	25,	25,	-255.514,	0,	2316.25,	0,	-447.444,	0,	0,	356
81.09,	-77.949,	25,	25,	25,	25,	-255.514,	0,	2316.25,	0,	-447.444,	0,	0,	356
81.679,	-77.949,	25,	25,	25,	25,	-255.514,	0,	2316.25,	0,	-447.444,	0,	0,	356
82.285,	-77.949,	25,	25,	25,	25,	-255.514,	0,	2316.25,	0,	-447.444,	0,	0,	356
82.874,	-77.949,	25,	25,	25,	25,	-255.514,	0,	2316.25,	0,	-447.444,	0,	0,	356
83.49,	-77.949,	25,	25,	25,	25,	-255.514,	0,	2316.25,	0,	-447.444,	0,	0,	356
84.103,	-77.949,	25,	25,	25,	25,	-255.514,	0,	2316.25,	0,	-447.444,	0,	0,	356
84.702,	-77.949,	25,	25,	25,	25,	-255.514,	0,	2316.25,	0,	-447.444,	0,	0,	356
85.309,	-77.949,	25,	25,	25,	25,	-255.514,	0,	2316.25,	0,	-447.444,	0,	0,	356
85.901,	-77.949,	25,	25,	25,	25,	-255.514,	0,	2316.25,	0,	-447.444,	0,	0,	356
86.521,	-77.949,	25,	25,	25,	25,	-255.514,	0,	2316.25,	0,	-447.444,	0,	0,	356
87.123,	-77.949,	25,	25,	25,	25,	-255.514,	0,	2316.25,	0,	-447.444,	0,	0,	356
87.743,	-77.949,	25,	25,	25,	25,	-255.514,	0,	2316.25,	0,	-447.444,	0,	0,	356
88.359,	-77.949,	25,	25,	25,	25,	-255.514,	0,	2316.25,	0,	-447.444,	0,	0,	356
88.975,	-77.949,	25,	25,	25,	25,	-255.514,	0,	2316.25,	0,	-447.444,	0,	0,	356
89.555,	-77.949,	25,	25,	25,	25,	-255.514,	0,	2316.25,	0,	-447.444,	0,	0,	356
90.148,	-77.949,	25,	25,	25,	25,	-255.514,	0,	2316.25,	0,	-447.444,	0,	0,	356
90.748,	-77.949,	25,	25,	25,	25,	-255.514,	0,	2316.25,	0,	-447.444,	0,	0,	356
91.376,	-77.949,	25,	25,	25,	25,	-255.514,	0,	2316.25,	0,	-447.444,	0,	0,	356
91.973,	-77.949,	25,	25,	25,	25,	-255.514,	0,	2316.25,	0,	-447.444,	0,	0,	356
92.58,	-77.949,	25,	25,	25,	25,	-255.514,	0,	2316.25,	0,	-447.444,	0,	0,	356
93.183,	-77.949,	25,	25,	25,	25,	-255.514,	0,	2316.25,	0,	-447.444,	0,	0,	356
93.774,	-77.949,	25,	25,	25,	25,	-255.514,	0,	2316.25,	0,	-447.444,	0,	0,	356
94.357,	-77.949,	25,	25,	25,	25,	-255.514,	0,	2316.25,	0,	-447.444,	0,	0,	356
94.959,	-77.949,	25,	25,	25,	25,	-255.514,	0,	2316.25,	0,	-447.444,	0,	0,	356
95.554,	-77.949,	25,	25,	25,	25,	-255.514,	0,	2316.25,	0,	-447.444,	0,	0,	356
96.15,	-77.949,	25,	25,	25,	25,	-255.514,	0,	2316.25,	0,	-447.444,	0,	0,	356
96.755,	-77.949,	25,	25,	25,	25,	-255.514,	0,	2316.25,	0,	-447.444,	0,	0,	356
97.374,	-77.949,	25,	25,	25,	25,	-255.514,	0,	2316.25,	0,	-447.444,	0,	0,	356
97.972,	-77.949,	25,	25,	25,	25,	-255.514,	0,	2316.25,	0,	-447.444,	0,	0,	356
98.597,	-77.949,	25,	25,	25,	25,	-255.514,	0,	2316.25,	0,	-447.444,	0,	0,	356
99.161,	-77.949,	25,	25,	25,	25,	-255.514,	0,	2316.25,	0,	-447.444,	0,	0,	356
99.732,	-77.949,	25,	25,	25,	25,	-255.514,	0,	2316.25,	0,	-447.444,	0,	0,	356
100.28,	-77.949,	25,	25,	25,	25,	-255.514,	0,	2316.25,	0,	-447.444,	0,	0,	356
100.843,	-77.949,	25,	25,	25,	25,	-255.514,	0,	2316.25,	0,	-447.444,	0,	0,	356
101.391,	-77.949,	25,	25,	25,	25,	-255.514,	0,	2316.25,	0,	-447.444,	0,	0,	356
101.961,	-77.949,	25,	25,	25,	25,	-255.514,	0,	2316.25,	0,	-447.444,	0,	0,	356
102.519,	-77.949,	25,	25,	25,	25,	-255.514,	0,	2316.25,	0,	-447.444,	0,	0,	356
103.103,	-77.949,	25,	25,	25,	25,	-255.514,	0,	2316.25,	0,	-447.444,	0,	0,	356
103.7,	-77.949,	25,	25,	25,	25,	-255.514,	0,	2316.25,	0,	-447.444,	0,	0,	356
104.265,	-77.949,	25,	25,	25,	25,	-255.514,	0,	2316.25,	0,	-447.444,	0,	0,	356
104.857,	-77.949,	25,	25,	25,	25,	-255.514,	0,	2316.25,	0,	-447.444,	0,	0,	356
105.426,	-77.949,	25,	25,	25,	25,	-255.514,	0,	2316.25,	0,	-447.444,	0,	0,	356
105.973,	-77.949,	25,	25,	25,	25,	-255.514,	0,	2316.25,	0,	-447.444,	0,	0,	356
106.552,	-77.949,	25,	25,	25,	25,	-255.514,	0,	2316.25,	0,	-447.444,	0,	0,	356
107.128,	-77.949,	25,	25,	25,	25,	-255.514,	0,	2316.25,	0,	-447.444,	0,	0,	356
107.681,	-77.949,	25,	25,	25,	25,	-255.514,	0,	2316.25,	0,	-447.444,	0,	0,	356
108.251,	-77.949,	25,	25,	25,	25,	-255.514,	0,	2316.25,	0,	-447.444,	0,	0,	356
108.858,	-77.949,	25,	25,	25.1,	25,	-255.514,	0,	2316.25,	0,	-447.444,	0,	0,	356
109.429,	-77.949,	25,	25,	25,	25,	-255.514,	0,	2316.25,	0,	-447.444,	0,	0,	356
109.996,	-77.949,	25,	25,	25,	25,	-255.514,	0,	2316.25,	0,	-447.444,	0,	0,	356
110.543,	-77.949,	25,	25,	25,	25,	-255.514,	0,	2316.25,	0,	-447.444,	0,	0,	356
111.112,	-77.949,	25,	25,	25,	25,	-255.514,	0,	2316.25,	0,	-447.444,	0,	0,	356
111.658,	-77.949,	25,	25,	25,	25,	-255.514,	0,	2316.25,	0,	-447.444,	0,	0,	356
112.212,	-77.949,	25,	25,	25,	25,	-255.514,	0,	2316.25,	0,	-447.444,	0,	0,	356
112.78,	-77.949,	25,	25,	25,	25,	-255.514,	0,	2316.25,	0,	-447.444,	0,	0,	356
113.37,	-77.949,	25,	25,	25,	25,	-255.514,	0,	2316.25,	0,	-447.444,	0,	0,	356
113.962,	-77.949,	25,	25,	25,	25,	-255.514,	0,	2316.25,	0,	-447.444,	0,	0,	356
114.524,	-77.949,	25,	25,	25,	25,	-255.514,	0,	2316.25,	0,	-447.444,	0,	0,	356
115.119,	-77.949,	25,	25,	25,	25,	-255.514,	0,	2316.25,	0,	-447.444,	0,	0,	356
115.687,	-77.949,	25,	25,	25,	25,	-255.514,	0,	2316.25,	0,	-447.444,	0,	0,	356
116.23,	-77.949,	25,	25,	25,	25,	-255.514,	0,	2316.25,	0,	-447.444,	0,	0,	356
116.801,	-77.949,	25,	25,	25,	25,	-255.514,	0,	2316.25,	0,	-447.444,	0,	0,	356
117.351,	-77.949,	25,	25,	25,	25,	-255.514,	0,	2316.25,	0,	-447.444,	0,	0,	356
117.903,	-77.949,	25,	25,	25,	25,	-255.514,	0,	2316.25,	0,	-447.444,	0,	0,	356
118.467,	-77.949,	25,	25,	25,	25,	-255.514,	0,	2316.25,	0,	-447.444,	0,	0,	356
119.018,	-77.949,	25,	25,	25,	25,	-255.514,	0,	2316.25,	0,	-447.444,	0,	0,	356
119.635,	-77.949,	25,	25,	25,	25,	-255.514,	0,	2316.25,	0,	-447.444,	0,	0,	356
120.212,	-77.949,	25,	25,	25,	25,	-255.514,	0,	2316.25,	0,	-447.444,	0,	0,	356
120.799,	-77.949,	25,	25,	25,	25,	-255.514,	0,	2316.25,	0,	-447.444,	0,	0,	356
121.372,	-77.949,	25,	25,	25,	25,	-255.514,	0,	2316.25,	0,	-447.444,	0,	0,	356
121.922,	-77.949,	25,	25,	25,	25,	-255.514,	0,	2316.25,	0,	-447.444,	0,	0,	356
122.48,	-77.949,	25,	25,	25,	25,	-255.514,	0,	2316.25,	0,	-447.444,	0,	0,	356
123.045,	-77.949,	25,	25,	25,	25,	-255.514,	0,	2316.25,	0,	-447.444,	0,	0,	356
123.64,	-77.949,	25,	25,	25,	25,	-255.514,	0,	2316.25,	0,	-447.444,	0,	0,	356
124.197,	-77.949,	25,	25,	25,	25,	-255.514,	0,	2316.25,	0,	-447.444,	0,	0,	356
124.746,	-77.949,	25,	25,	25,	25,	-255.514,	0,	2316.25,	0,	-447.444,	0,	0,	356
125.304,	-77.949,	25,	25,	25,	25,	-255.514,	0,	2316.25,	0,	-447.444,	0,	0,	356
125.862,	-77.949,	25,	25,	25,	25,	-255.514,	0,	2316.25,	0,	-447.444,	0,	0,	356
126.419,	-77.949,	25,	25,	25,	25,	-255.514,	0,	2316.25,	0,	-447.444,	0,	0,	356
126.975,	-77.949,	25,	25,	25,	25,	-255.514,	0,	2316.25,	0,	-447.444,	0,	0,	356
127.527,	-77.949,	25,	25,	25,	25,	-255.514,	0,	2316.25,	0,	-447.444,	0,	0,	356
128.143,	-77.949,	25,	25,	25,	25,	-255.514,	0,	2316.25,	0,	-447.444,	0,	0,	356
128.739,	-77.949,	25,	25,	25,	25,	-255.514,	0,	2316.25,	0,	-447.444,	0,	0,	356
129.323,	-77.949,	25,	25,	25,	25,	-255.514,	0,	2316.25,	0,	-447.444,	0,	0,	356
129.882,	-77.949,	25,	25,	25,	25,	-255.514,	0,	2316.25,	0,	-447.444,	0,	0,	356
130.434,	-77.949,	25,	25,	25,	25,	-255.514,	0,	2316.25,	0,	-447.444,	0,	0,	356
131.024,	-77.949,	25,	25,	25,	25,	-255.514,	0,	2316.25,	0,	-447.444,	0,	0,	356
131.635,	-77.949,	25,	25,	25,	25,	-255.514,	0,	2316.25,	0,	-447.444,	0,	0,	356
132.181,	-77.949,	25,	25,	25,	25,	-255.514,	0,	2316.25,	0,	-447.444,	0,	0,	356
132.745,	-77.949,	25,	25,	25,	25,	-255.514,	0,	2316.25,	0,	-447.444,	0,	0,	356
133.3,	-77.949,	25,	25,	25,	25,	-255.514,	0,	2316.25,	0,	-447.444,	0,	0,	356
133.894,	-77.949,	25,	25,	25,	25,	-255.514,	0,	2316.25,	0,	-447.444,	0,	0,	356
134.464,	-77.949,	25,	25,	25,	25,	-255.514,	0,	2316.25,	0,	-447.444,	0,	0,	356
135.042,	-77.949,	25,	25,	25,	25,	-255.514,	0,	2316.25,	0,	-447.444,	0,	0,	356
135.67,	-77.949,	25,	25,	25,	25,	-255.514,	0,	2316.25,	0,	-447.444,	0,	0,	356
136.239,	-77.949,	25,	25,	25,	25,	-255.514,	0,	2316.25,	0,	-447.444,	0,	0,	356
136.807,	-77.949,	25,	25,	25,	25,	-255.514,	0,	2316.25,	0,	-447.444,	0,	0,	356
137.43,	-77.949,	25,	25,	25,	25,	-255.514,	0,	2316.25,	0,	-447.444,	0,	0,	356
137.985,	-77.949,	25,	25,	25,	25,	-255.514,	0,	2316.25,	0,	-447.444,	0,	0,	356
138.553,	-77.949,	25,	25,	25,	25,	-255.514,	0,	2316.25,	0,	-447.444,	0,	0,	356
139.15,	-77.949,	25,	25,	25,	25,	-255.514,	0,	2316.25,	0,	-447.444,	0,	0,	356
139.727,	-77.949,	25,	25,	25,	25,	-255.514,	0,	2316.25,	0,	-447.444,	0,	0,	356
140.305,	-77.949,	25,	25,	25,	25,	-255.514,	0,	2316.25,	0,	-447.444,	0,	0,	356
140.893,	-77.949,	25,	25,	25,	25,	-255.514,	0,	2316.25,	0,	-447.444,	0,	0,	356
141.484,	-77.949,	25,	25,	25,	25,	-255.514,	0,	2316.25,	0,	-447.444,	0,	0,	356
142.054,	-77.949,	25,	25,	25,	25,	-255.514,	0,	2316.25,	0,	-447.444,	0,	0,	356
142.642,	-77.949,	25,	25,	25,	25,	-255.514,	0,	2316.25,	0,	-447.444,	0,	0,	356
143.211,	-77.949,	25,	25,	25,	25,	-255.514,	0,	2316.25,	0,	-447.444,	0,	0,	356
143.811,	-77.949,	25,	25,	25,	25,	-255.514,	0,	2316.25,	0,	-447.444,	0,	0,	356
144.398,	-77.949,	25,	25,	25,	25,	-255.514,	0,	2316.25,	0,	-447.444,	0,	0,	356
144.989,	-77.949,	25,	25,	25,	25,	-255.514,	0,	2316.25,	0,	-447.444,	0,	0,	356
145.542,	-77.949,	25,	25,	25,	25,	-255.514,	0,	2316.25,	0,	-447.444,	0,	0,	356
146.183,	-77.949,	25,	25,	25,	25,	-255.514,	0,	2316.25,	0,	-447.444,	0,	0,	356
146.734,	-77.949,	25,	25,	25,	25,	-255.514,	0,	2316.25,	0,	-447.444,	0,	0,	356
147.326,	-77.949,	25,	25,	25,	25,	-255.514,	0,	2316.25,	0,	-447.444,	0,	0,	356
147.891,	-77.949,	25,	25,	25,	25,	-255.514,	0,	2316.25,	0,	-447.444,	0,	0,	356
148.45,	-77.949,	25,	25,	25,	25,	-255.514,	0,	2316.25,	0,	-447.444,	0,	0,	356
149.018,	-77.949,	25,	25,	25,	25,	-255.514,	0,	2316.25,	0,	-447.444,	0,	0,	356
149.603,	-77.949,	25,	25,	25,	25,	-255.514,	0,	2316.25,	0,	-447.444,	0,	0,	356
150.168,	-77.949,	25,	25,	25,	25,	-255.514,	0,	2316.25,	0,	-447.444,	0,	0,	356
150.758,	-77.949,	25,	25,	25,	25,	-255.514,	0,	2316.25,	0,	-447.444,	0,	0,	356
151.307,	-77.949,	25,	25,	25,	25,	-255.514,	0,	2316.25,	0,	-447.444,	0,	0,	356
151.918,	-77.949,	25,	25,	25,	25,	-255.514,	0,	2316.25,	0,	-447.444,	0,	0,	356
152.504,	-77.949,	25,	25,	25,	25,	-255.514,	0,	2316.25,	0,	-447.444,	0,	0,	356
153.069,	-77.949,	25,	25,	25,	25,	-255.514,	0,	2316.25,	0,	-447.444,	0,	0,	356
153.656,	-77.949,	25,	25,	25,	25,	-255.514,	0,	2316.25,	0,	-447.444,	0,	0,	356
154.237,	-77.949,	25,	25,	25,	25,	-255.514,	0,	2316.25,	0,	-447.444,	0,	0,	356
154.822,	-77.949,	25,	25,	25,	25,	-255.514,	0,	2316.25,	0,	-447.444,	0,	0,	356
155.408,	-77.949,	25,	25,	25,	25,	-255.514,	0,	2316.25,	0,	-447.444,	0,	0,	356
156.015,	-77.949,	25,	25,	25,	25,	-255.514,	0,	2316.25,	0,	-447.444,	0,	0,	356
156.601,	-77.949,	25,	25,	25,	25,	-255.514,	0,	2316.25,	0,	-447.444,	0,	0,	356
157.191,	-77.949,	25,	25,	25,	25,	-255.514,	0,	2316.25,	0,	-447.444,	0,	0,	356
157.759,	-77.949,	25,	25,	25,	25,	-255.514,	0,	2316.25,	0,	-447.444,	0,	0,	356
158.349,	-77.949,	25,	25,	25,	25,	-255.514,	0,	2316.25,	0,	-447.444,	0,	0,	356
158.917,	-77.949,	25,	25,	25,	25,	-255.514,	0,	2316.25,	0,	-447.444,	0,	0,	356
159.499,	-77.949,	25,	25,	25,	25,	-255.514,	0,	2316.25,	0,	-447.444,	0,	0,	356
160.06,	-77.949,	25,	25,	25,	25,	-255.514,	0,	2316.25,	0,	-447.444,	0,	0,	356
160.662,	-77.949,	25,	25,	25,	25,	-255.514,	0,	2316.25,	0,	-447.444,	0,	0,	356
161.251,	-77.949,	25,	25,	25,	25,	-255.514,	0,	2316.25,	0,	-447.444,	0,	0,	356
161.812,	-77.949,	25,	25,	25,	25,	-255.514,	0,	2316.25,	0,	-447.444,	0,	0,	356
162.403,	-77.949,	25,	25,	25,	25,	-255.514,	0,	2316.25,	0,	-447.444,	0,	0,	356
162.962,	-77.949,	25,	25,	25,	25,	-255.514,	0,	2316.25,	0,	-447.444,	0,	0,	356
163.561,	-77.949,	25,	25,	25,	25,	-255.514,	0,	2316.25,	0,	-447.444,	0,	0,	356
164.153,	-77.949,	25,	25,	25,	25,	-255.514,	0,	2316.25,	0,	-447.444,	0,	0,	356
164.768,	-77.949,	25,	25,	25,	25,	-255.514,	0,	2316.25,	0,	-447.444,	0,	0,	356
165.344,	-77.949,	25,	25,	25,	25,	-255.514,	0,	2316.25,	0,	-447.444,	0,	0,	356
165.943,	-77.949,	25,	25,	25,	25,	-255.514,	0,	2316.25,	0,	-447.444,	0,	0,	356
166.544,	-77.949,	25,	25,	25,	25,	-255.514,	0,	2316.25,	0,	-447.444,	0,	0,	356
167.133,	-77.949,	25,	25,	25,	25,	-255.514,	0,	2316.25,	0,	-447.444,	0,	0,	356
167.703,	-77.949,	25,	25,	25,	25,	-255.514,	0,	2316.25,	0,	-447.444,	0,	0,	356
168.285,	-77.949,	25,	25,	25,	25,	-255.514,	0,	2316.25,	0,	-447.444,	0,	0,	356
168.848,	-77.949,	25,	25,	25,	25,	-255.514,	0,	2316.25,	0,	-447.444,	0,	0,	356
169.445,	-77.949,	25,	25,	25,	25,	-255.514,	0,	2316.25,	0,	-447.444,	0,	0,	356
170.032,	-77.949,	25,	25,	25,	25,	-255.514,	0,	2316.25,	0,	-447.444,	0,	0,	356
170.606,	-77.949,	25,	25,	25,	25,	-255.514,	0,	2316.25,	0,	-447.444,	0,	0,	356
171.198,	-77.949,	25,	25,	25,	25,	-255.514,	0,	2316.25,	0,	-447.444,	0,	0,	356
171.791,	-77.949,	25,	25,	25,	25,	-255.514,	0,	2316.25,	0,	-447.444,	0,	0,	356
172.39,	-77.949,	25,	25,	25,	25,	-255.514,	0,	2316.25,	0,	-447.444,	0,	0,	356
172.998,	-77.949,	25,	25,	25,	25,	-255.514,	0,	2316.25,	0,	-447.444,	0,	0,	356
173.581,	-77.949,	25,	25,	25,	25,	-255.514,	0,	2316.25,	0,	-447.444,	0,	0,	356
174.17,	-77.949,	25,	25,	25,	25,	-255.514,	0,	2316.25,	0,	-447.444,	0,	0,	356
174.773,	-77.949,	25,	25,	25,	25,	-255.514,	0,	2316.25,	0,	-447.444,	0,	0,	356
175.371,	-77.949,	25,	25,	25,	25,	-255.514,	0,	2316.25,	0,	-447.444,	0,	0,	356
175.981,	-77.949,	25,	25,	25,	25,	-255.514,	0,	2316.25,	0,	-447.444,	0,	0,	356
176.561,	-77.949,	25,	25,	25,	25,	-255.514,	0,	2316.25,	0,	-447.444,	0,	0,	356
177.154,	-77.949,	25,	25,	25,	25,	-255.514,	0,	2316.25,	0,	-447.444,	0,	0,	356
177.757,	-77.949,	25,	25,	25,	25,	-255.514,	0,	2316.25,	0,	-447.444,	0,	0,	356
178.342,	-77.949,	25,	25,	25,	25,	-255.514,	0,	2316.25,	0,	-447.444,	0,	0,	356
178.956,	-77.949,	25,	25,	25,	25,	-255.514,	0,	2316.25,	0,	-447.444,	0,	0,	356
179.546,	-77.949,	25,	25,	25,	25,	-255.514,	0,	2316.25,	0,	-447.444,	0,	0,	356
180.134,	-77.949,	25,	25,	25,	25,	-255.514,	0,	2316.25,	0,	-447.444,	0,	0,	356
180.74,	-77.949,	25,	25,	25,	25,	-255.514,	0,	2316.25,	0,	-447.444,	0,	0,	356
181.325,	-77.949,	25,	25,	25,	25,	-255.514,	0,	2316.25,	0,	-447.444,	0,	0,	356
181.932,	-77.949,	25,	25,	25,	25,	-255.514,	0,	2316.25,	0,	-447.444,	0,	0,	356
182.521,	-77.949,	25,	25,	25,	25,	-255.514,	0,	2316.25,	0,	-447.444,	0,	0,	356
183.119,	-77.949,	25,	25,	25,	25,	-255.514,	0,	2316.25,	0,	-447.444,	0,	0,	356
183.721,	-77.949,	25,	25,	25,	25,	-255.514,	0,	2316.25,	0,	-447.444,	0,	0,	356
184.309,	-77.949,	25,	25,	25,	25,	-255.514,	0,	2316.25,	0,	-447.444,	0,	0,	356
184.924,	-77.949,	25,	25,	25,	25,	-255.514,	0,	2316.25,	0,	-447.444,	0,	0,	356
185.5,	-77.949,	25,	25,	25,	25,	-255.514,	0,	2316.25,	0,	-447.444,	0,	0,	356
186.092,	-77.949,	25,	25,	25,	25,	-255.514,	0,	2316.25,	0,	-447.444,	0,	0,	356
186.697,	-77.949,	25,	25,	25,	25,	-255.514,	0,	2316.25,	0,	-447.444,	0,	0,	356
187.293,	-77.949,	25,	25,	25,	25,	-255.514,	0,	2316.25,	0,	-447.444,	0,	0,	356
187.908,	-77.949,	25,	25,	25,	25,	-255.514,	0,	2316.25,	0,	-447.444,	0,	0,	356
188.48,	-77.949,	25,	25,	25,	25,	-255.514,	0,	2316.25,	0,	-447.444,	0,	0,	356
189.093,	-77.949,	25,	25,	25,	25,	-255.514,	0,	2316.25,	0,	-447.444,	0,	0,	356
189.721,	-77.949,	25,	25,	25,	25,	-255.514,	0,	2316.25,	0,	-447.444,	0,	0,	356
190.337,	-77.949,	25,	25,	25,	25,	-255.514,	0,	2316.25,	0,	-447.444,	0,	0,	356
190.947,	-77.949,	25,	25,	25,	25,	-255.514,	0,	2316.25,	0,	-447.444,	0,	0,	356
191.543,	-77.949,	25,	25,	25,	25,	-255.514,	0,	2316.25,	0,	-447.444,	0,	0,	356
192.14,	-77.949,	25,	25,	25,	25,	-255.514,	0,	2316.25,	0,	-447.444,	0,	0,	356
192.734,	-77.949,	25,	25,	25,	25,	-255.514,	0,	2316.25,	0,	-447.444,	0,	0,	356
193.347,	-77.949,	25,	25,	25,	25,	-255.514,	0,	2316.25,	0,	-447.444,	0,	0,	356
193.972,	-77.949,	25,	25,	25,	25,	-255.514,	0,	2316.25,	0,	-447.444,	0,	0,	356
194.579,	-77.949,	25,	25,	25,	25,	-255.514,	0,	2316.25,	0,	-447.444,	0,	0,	356
195.202,	-77.949,	25,	25,	25,	25,	-255.514,	0,	2316.25,	0,	-447.444,	0,	0,	356
195.798,	-77.949,	25,	25,	25,	25,	-255.514,	0,	2316.25,	0,	-447.444,	0,	0,	356
196.346,	-77.949,	25,	25,	25,	25,	-255.514,	0,	2316.25,	0,	-447.444,	0,	0,	356
196.903,	-77.949,	25,	25,	25,	25,	-255.514,	0,	2316.25,	0,	-447.444,	0,	0,	356
197.5,	-77.949,	25,	25,	25,	25,	-255.514,	0,	2316.25,	0,	-447.444,	0,	0,	356
198.101,	-77.949,	25,	25,	25,	25,	-255.514,	0,	2316.25,	0,	-447.444,	0,	0,	356
198.658,	-77.949,	25,	25,	25,	25,	-255.514,	0,	2316.25,	0,	-447.444,	0,	0,	356
199.209,	-77.949,	25,	25,	25,	25,	-255.514,	0,	2316.25,	0,	-447.444,	0,	0,	356
199.774,	-77.949,	25,	25,	25,	25,	-255.514,	0,	2316.25,	0,	-447.444,	0,	0,	356
200.326,	-77.949,	25,	25,	25,	25,	-255.514,	0,	2316.25,	0,	-447.444,	0,	0,	356
200.891,	-77.949,	25,	25,	25,	25,	-255.514,	0,	2316.25,	0,	-447.444,	0,	0,	356
201.432,	-77.949,	25,	25,	25,	25,	-255.514,	0,	2316.25,	0,	-447.444,	0,	0,	356
201.997,	-77.949,	25,	25,	25,	25,	-255.514,	0,	2316.25,	0,	-447.444,	0,	0,	356
202.564,	-77.949,	25,	25,	25,	25,	-255.514,	0,	2316.25,	0,	-447.444,	0,	0,	356
203.112,	-77.949,	25,	25,	25,	25,	-255.514,	0,	2316.25,	0,	-447.444,	0,	0,	356
203.671,	-77.949,	25,	25,	25,	25,	-255.514,	0,	2316.25,	0,	-447.444,	0,	0,	356
204.236,	-77.949,	25,	25,	25,	25,	-255.514,	0,	2316.25,	0,	-447.444,	0,	0,	356
204.785,	-77.949,	25,	25,	25,	25,	-255.514,	0,	2316.25,	0,	-447.444,	0,	0,	356
205.353,	-77.949,	25,	25,	25,	25,	-255.514,	0,	2316.25,	0,	-447.444,	0,	0,	356
205.96,	-77.949,	25,	25,	25,	25,	-255.514,	0,	2316.25,	0,	-447.444,	0,	0,	356
206.495,	-77.949,	25,	25,	25,	25,	-255.514,	0,	2316.25,	0,	-447.444,	0,	0,	356
207.057,	-77.949,	25,	25,	25,	25,	-255.514,	0,	2316.25,	0,	-447.444,	0,	0,	356
207.612,	-77.949,	25,	25,	25,	25,	-255.514,	0,	2316.25,	0,	-447.444,	0,	0,	356
208.172,	-77.949,	25,	25,	25,	25,	-255.514,	0,	2316.25,	0,	-447.444,	0,	0,	356
208.724,	-77.949,	25,	25,	25,	25,	-255.514,	0,	2316.25,	0,	-447.444,	0,	0,	356
209.281,	-77.949,	25,	25,	25,	25,	-255.514,	0,	2316.25,	0,	-447.444,	0,	0,	356
209.844,	-77.949,	25,	25,	25,	25,	-255.514,	0,	2316.25,	0,	-447.444,	0,	0,	356
210.434,	-77.949,	25,	25,	25,	25,	-255.514,	0,	2316.25,	0,	-447.444,	0,	0,	356
211.028,	-77.949,	25,	25,	25,	25,	-255.514,	0,	2316.25,	0,	-447.444,	0,	0,	356
211.583,	-77.949,	25,	25,	25,	25,	-255.514,	0,	2316.25,	0,	-447.444,	0,	0,	356
212.183,	-77.949,	25,	25,	25,	25,	-255.514,	0,	2316.25,	0,	-447.444,	0,	0,	356
212.752,	-77.949,	25,	25,	25,	25,	-255.514,	0,	2316.25,	0,	-447.444,	0,	0,	356
213.287,	-77.949,	25,	25,	25,	25,	-255.514,	0,	2316.25,	0,	-447.444,	0,	0,	356
213.86,	-77.949,	25,	25,	25,	25,	-255.514,	0,	2316.25,	0,	-447.444,	0,	0,	356
214.471,	-77.949,	25,	25,	25,	25,	-255.514,	0,	2316.25,	0,	-447.444,	0,	0,	356
215.045,	-77.949,	25,	25,	25,	25,	-255.514,	0,	2316.25,	0,	-447.444,	0,	0,	356
215.604,	-77.949,	25,	25,	25,	25,	-255.514,	0,	2316.25,	0,	-447.444,	0,	0,	356
216.202,	-77.949,	25,	25,	25,	25,	-255.514,	0,	2316.25,	0,	-447.444,	0,	0,	356
216.773,	-77.949,	25,	25,	25,	25,	-255.514,	0,	2316.25,	0,	-447.444,	0,	0,	356
217.321,	-77.949,	25,	25,	25,	25,	-255.514,	0,	2316.25,	0,	-447.444,	0,	0,	356
217.868,	-77.949,	25,	25,	25,	25,	-255.514,	0,	2316.25,	0,	-447.444,	0,	0,	356
218.459,	-77.949,	25,	25,	25,	25,	-255.514,	0,	2316.25,	0,	-447.444,	0,	0,	356
219.03,	-77.949,	25,	25,	25,	25,	-255.514,	0,	2316.25,	0,	-447.444,	0,	0,	356
219.588,	-77.949,	25,	25,	25,	25,	-255.514,	0,	2316.25,	0,	-447.444,	0,	0,	356
220.197,	-77.949,	25,	25,	25,	25,	-255.514,	0,	2316.25,	0,	-447.444,	0,	0,	356
220.803,	-77.949,	25,	25,	25,	25,	-255.514,	0,	2316.25,	0,	-447.444,	0,	0,	356
221.377,	-77.949,	25,	25,	25,	25,	-255.514,	0,	2316.25,	0,	-447.444,	0,	0,	356
221.926,	-77.949,	25,	25,	25,	25,	-255.514,	0,	2316.25,	0,	-447.444,	0,	0,	356
222.491,	-77.949,	25,	25,	25,	25,	-255.514,	0,	2316.25,	0,	-447.444,	0,	0,	356
223.043,	-77.949,	25,	25,	25,	25,	-255.514,	0,	2316.25,	0,	-447.444,	0,	0,	356
223.6,	-77.949,	25,	25,	25,	25,	-255.514,	0,	2316.25,	0,	-447.444,	0,	0,	356
224.227,	-77.949,	25,	25,	25,	25,	-255.514,	0,	2316.25,	0,	-447.444,	0,	0,	356
224.793,	-77.949,	25,	25,	25,	25,	-255.514,	0,	2316.25,	0,	-447.444,	0,	0,	356
225.343,	-77.949,	25,	25,	25,	25,	-255.514,	0,	2316.25,	0,	-447.444,	0,	0,	356
225.909,	-77.949,	25,	25,	25,	25,	-255.514,	0,	2316.25,	0,	-447.444,	0,	0,	356
226.47,	-77.949,	25,	25,	25,	25,	-255.514,	0,	2316.25,	0,	-447.444,	0,	0,	356
227.04,	-77.949,	25,	25,	25,	25,	-255.514,	0,	2316.25,	0,	-447.444,	0,	0,	356
227.633,	-77.949,	25,	25,	25,	25,	-255.514,	0,	2316.25,	0,	-447.444,	0,	0,	356
228.221,	-77.949,	25,	25,	25,	25,	-255.514,	0,	2316.25,	0,	-447.444,	0,	0,	356
228.776,	-77.949,	25,	25,	25,	25,	-255.514,	0,	2316.25,	0,	-447.444,	0,	0,	356
229.324,	-77.949,	25,	25,	25,	25,	-255.514,	0,	2316.25,	0,	-447.444,	0,	0,	356
229.902,	-77.949,	25,	25,	25,	25,	-255.514,	0,	2316.25,	0,	-447.444,	0,	0,	356
230.476,	-77.949,	25,	25,	25,	25,	-255.514,	0,	2316.25,	0,	-447.444,	0,	0,	356
231.039,	-77.949,	25,	25,	25,	25,	-255.514,	0,	2316.25,	0,	-447.444,	0,	0,	356
231.601,	-77.949,	25,	25,	25,	25,	-255.514,	0,	2316.25,	0,	-447.444,	0,	0,	356
232.193,	-77.949,	25,	25,	25,	25,	-255.514,	0,	2316.25,	0,	-447.444,	0,	0,	356
232.76,	-77.949,	25,	25,	25,	25,	-255.514,	0,	2316.25,	0,	-447.444,	0,	0,	356
233.344,	-77.949,	25,	25,	25,	25,	-255.514,	0,	2316.25,	0,	-447.444,	0,	0,	356
233.94,	-77.949,	25,	25,	25,	25,	-255.514,	0,	2316.25,	0,	-447.444,	0,	0,	356
234.505,	-77.949,	25,	25,	25,	25,	-255.514,	0,	2316.25,	0,	-447.444,	0,	0,	356
235.055,	-77.949,	25,	25,	25,	25,	-255.514,	0,	2316.25,	0,	-447.444,	0,	0,	356
235.641,	-77.949,	25,	25,	25,	25,	-255.514,	0,	2316.25,	0,	-447.444,	0,	0,	356
236.211,	-77.949,	25,	25,	25,	25,	-255.514,	0,	2316.25,	0,	-447.444,	0,	0,	356
236.763,	-77.949,	25,	25,	25,	25,	-255.514,	0,	2316.25,	0,	-447.444,	0,	0,	356
237.331,	-77.949,	25,	25,	25,	25,	-255.514,	0,	2316.25,	0,	-447.444,	0,	0,	356
237.874,	-77.949,	25,	25,	25,	25,	-255.514,	0,	2316.25,	0,	-447.444,	0,	0,	356
238.479,	-77.949,	25,	25,	25,	25,	-255.514,	0,	2316.25,	0,	-447.444,	0,	0,	356
239.047,	-77.949,	25,	25,	25,	25,	-255.514,	0,	2316.25,	0,	-447.444,	0,	0,	356
239.639,	-77.949,	25,	25,	25,	25,	-255.514,	0,	2316.25,	0,	-447.444,	0,	0,	356
240.268,	-77.949,	25,	25,	25,	25,	-255.514,	0,	2316.25,	0,	-447.444,	0,	0,	356
240.816,	-77.949,	25,	25,	25,	25,	-255.514,	0,	2316.25,	0,	-447.444,	0,	0,	356
241.384,	-77.949,	25,	25,	25,	25,	-255.514,	0,	2316.25,	0,	-447.444,	0,	0,	356
241.972,	-77.949,	25,	25,	25,	25,	-255.514,	0,	2316.25,	0,	-447.444,	0,	0,	356
242.532,	-77.949,	25,	25,	25,	25,	-255.514,	0,	2316.25,	0,	-447.444,	0,	0,	356
243.094,	-77.949,	25,	25,	25,	25,	-255.514,	0,	2316.25,	0,	-447.444,	0,	0,	356
243.645,	-77.949,	25,	25,	25,	25,	-255.514,	0,	2316.25,	0,	-447.444,	0,	0,	356
244.24,	-77.949,	25,	25,	25,	25,	-255.514,	0,	2316.25,	0,	-447.444,	0,	0,	356
244.807,	-77.949,	25,	25,	25,	25,	-255.514,	0,	2316.25,	0,	-447.444,	0,	0,	356
245.412,	-77.949,	25,	25,	25,	25,	-255.514,	0,	2316.25,	0,	-447.444,	0,	0,	356
246.001,	-77.949,	25,	25,	25,	25,	-255.514,	0,	2316.25,	0,	-447.444,	0,	0,	356
246.587,	-77.949,	25,	25,	25,	25,	-255.514,	0,	2316.25,	0,	-447.444,	0,	0,	356
247.144,	-77.949,	25,	25,	25,	25,	-255.514,	0,	2316.25,	0,	-447.444,	0,	0,	356
247.778,	-77.949,	25,	25,	25,	25,	-255.514,	0,	2316.25,	0,	-447.444,	0,	0,	356
248.333,	-77.949,	25,	25,	25,	25,	-255.514,	0,	2316.25,	0,	-447.444,	0,	0,	356
248.901,	-77.949,	25,	25,	25,	25,	-255.514,	0,	2316.25,	0,	-447.444,	0,	0,	356
249.492,	-77.949,	25,	25,	25,	25,	-255.514,	0,	2316.25,	0,	-447.444,	0,	0,	356
250.049,	-77.949,	25,	25,	25,	25,	-255.514,	0,	2316.25,	0,	-447.444,	0,	0,	356
250.607,	-77.949,	25,	25,	25,	25,	-255.514,	0,	2316.25,	0,	-447.444,	0,	0,	356
251.201,	-77.949,	25,	25,	25,	25,	-255.514,	0,	2316.25,	0,	-447.444,	0,	0,	356
251.778,	-77.949,	25,	25,	25,	25,	-255.514,	0,	2316.25,	0,	-447.444,	0,	0,	356
252.351,	-77.949,	25,	25,	25,	25,	-255.514,	0,	2316.25,	0,	-447.444,	0,	0,	356
252.912,	-77.949,	25,	25,	25,	25,	-255.514,	0,	2316.25,	0,	-447.444,	0,	0,	356
253.494,	-77.949,	25,	25,	25,	25,	-255.514,	0,	2316.25,	0,	-447.444,	0,	0,	356
254.063,	-77.949,	25,	25,	25,	25,	-255.514,	0,	2316.25,	0,	-447.444,	0,	0,	356
254.631,	-77.949,	25,	25,	25,	25,	-255.514,	0,	2316.25,	0,	-447.444,	0,	0,	356
255.213,	-77.949,	25,	25,	25,	25,	-255.514,	0,	2316.25,	0,	-447.444,	0,	0,	356
255.767,	-77.949,	25,	25,	25,	25,	-255.514,	0,	2316.25,	0,	-447.444,	0,	0,	356
256.344,	-77.949,	25,	25,	25,	25,	-255.514,	0,	2316.25,	0,	-447.444,	0,	0,	356
256.928,	-77.949,	25,	25,	25,	25,	-255.514,	0,	2316.25,	0,	-447.444,	0,	0,	356
257.492,	-77.949,	25,	25,	25,	25,	-255.514,	0,	2316.25,	0,	-447.444,	0,	0,	356
258.091,	-77.949,	25,	25,	25,	25,	-255.514,	0,	2316.25,	0,	-447.444,	0,	0,	356
258.679,	-77.949,	25,	25,	25,	25,	-255.514,	0,	2316.25,	0,	-447.444,	0,	0,	356
259.276,	-77.949,	25,	25,	25,	25,	-255.514,	0,	2316.25,	0,	-447.444,	0,	0,	356
259.872,	-77.949,	25,	25,	25,	25,	-255.514,	0,	2316.25,	0,	-447.444,	0,	0,	356
260.508,	-77.949,	25,	25,	25,	25,	-255.514,	0,	2316.25,	0,	-447.444,	0,	0,	356
261.059,	-77.949,	25,	25,	25,	25,	-255.514,	0,	2316.25,	0,	-447.444,	0,	0,	356
261.621,	-77.949,	25,	25,	25,	25,	-255.514,	0,	2316.25,	0,	-447.444,	0,	0,	356
262.215,	-77.949,	25,	25,	25,	25,	-255.514,	0,	2316.25,	0,	-447.444,	0,	0,	356
262.814,	-77.949,	25,	25,	25,	25,	-255.514,	0,	2316.25,	0,	-447.444,	0,	0,	356
263.421,	-77.949,	25,	25,	25,	25,	-255.514,	0,	2316.25,	0,	-447.444,	0,	0,	356
264.023,	-77.949,	25,	25,	25,	25,	-255.514,	0,	2316.25,	0,	-447.444,	0,	0,	356
264.601,	-77.949,	25,	25,	25,	25,	-255.514,	0,	2316.25,	0,	-447.444,	0,	0,	356
265.197,	-77.949,	25,	25,	25,	25,	-255.514,	0,	2316.25,	0,	-447.444,	0,	0,	356
265.791,	-77.949,	25,	25,	25,	25,	-255.514,	0,	2316.25,	0,	-447.444,	0,	0,	356
266.357,	-77.949,	25,	25,	25,	25,	-255.514,	0,	2316.25,	0,	-447.444,	0,	0,	356
266.948,	-77.949,	25,	25,	25,	25,	-255.514,	0,	2316.25,	0,	-447.444,	0,	0,	356
267.55,	-77.949,	25,	25,	25,	25,	-255.514,	0,	2316.25,	0,	-447.444,	0,	0,	356
268.137,	-77.949,	25,	25,	25,	25,	-255.514,	0,	2316.25,	0,	-447.444,	0,	0,	356
268.763,	-77.949,	25,	25,	25,	25,	-255.514,	0,	2316.25,	0,	-447.444,	0,	0,	356
269.342,	-77.949,	25,	25,	25,	25,	-255.514,	0,	2316.25,	0,	-447.444,	0,	0,	356
269.926,	-77.949,	25,	25,	25,	25,	-255.514,	0,	2316.25,	0,	-447.444,	0,	0,	356
270.505,	-77.949,	25,	25,	25,	25,	-255.514,	0,	2316.25,	0,	-447.444,	0,	0,	356
271.08,	-77.949,	25,	25,	25,	25,	-255.514,	0,	2316.25,	0,	-447.444,	0,	0,	356
271.702,	-77.949,	25,	25,	25,	25,	-255.514,	0,	2316.25,	0,	-447.444,	0,	0,	356
272.294,	-77.949,	25,	25,	25,	25,	-255.514,	0,	2316.25,	0,	-447.444,	0,	0,	356
272.871,	-77.949,	25,	25,	25,	25,	-255.514,	0,	2316.25,	0,	-447.444,	0,	0,	356
273.469,	-77.949,	25,	25,	25,	25,	-255.514,	0,	2316.25,	0,	-447.444,	0,	0,	356
274.062,	-77.949,	25,	25,	25,	25,	-255.514,	0,	2316.25,	0,	-447.444,	0,	0,	356
274.695,	-77.949,	25,	25,	25,	25,	-255.514,	0,	2316.25,	0,	-447.444,	0,	0,	356
275.308,	-77.949,	25,	25,	25,	25,	-255.514,	0,	2316.25,	0,	-447.444,	0,	0,	356
275.921,	-77.949,	25,	25,	25,	25,	-255.514,	0,	2316.25,	0,	-447.444,	0,	0,	356
276.521,	-77.949,	25,	25,	25,	25,	-255.514,	0,	2316.25,	0,	-447.444,	0,	0,	356
277.117,	-77.949,	25,	25,	25,	25,	-255.514,	0,	2316.25,	0,	-447.444,	0,	0,	356
277.69,	-77.949,	25,	25,	25,	25,	-255.514,	0,	2316.25,	0,	-447.444,	0,	0,	356
278.292,	-77.949,	25,	25,	25,	25,	-255.514,	0,	2316.25,	0,	-447.444,	0,	0,	356
278.868,	-77.949,	25,	25,	25,	25,	-255.514,	0,	2316.25,	0,	-447.444,	0,	0,	356
279.464,	-77.949,	25,	25,	25,	25,	-255.514,	0,	2316.25,	0,	-447.444,	0,	0,	356
280.063,	-77.949,	25,	25,	25,	25,	-255.514,	0,	2316.25,	0,	-447.444,	0,	0,	356
280.703,	-77.949,	25,	25,	25,	25,	-255.514,	0,	2316.25,	0,	-447.444,	0,	0,	356
281.292,	-77.949,	25,	25,	25,	25,	-255.514,	0,	2316.25,	0,	-447.444,	0,	0,	356
281.897,	-77.949,	25,	25,	25,	25,	-255.514,	0,	2316.25,	0,	-447.444,	0,	0,	356
282.485,	-77.949,	25,	25,	25,	25,	-255.514,	0,	2316.25,	0,	-447.444,	0,	0,	356
283.084,	-77.949,	25,	25,	25,	25,	-255.514,	0,	2316.25,	0,	-447.444,	0,	0,	356
283.681,	-77.949,	25,	25,	25,	25,	-255.514,	0,	2316.25,	0,	-447.444,	0,	0,	356
284.268,	-77.949,	25,	25,	25,	25,	-255.514,	0,	2316.25,	0,	-447.444,	0,	0,	356
284.88,	-77.949,	25,	25,	25,	25,	-255.514,	0,	2316.25,	0,	-447.444,	0,	0,	356
285.469,	-77.949,	25,	25,	25,	25,	-255.514,	0,	2316.25,	0,	-447.444,	0,	0,	356
286.067,	-77.949,	25,	25,	25,	25,	-255.514,	0,	2316.25,	0,	-447.444,	0,	0,	356
286.663,	-77.949,	25,	25,	25,	25,	-255.514,	0,	2316.25,	0,	-447.444,	0,	0,	356
287.272,	-77.949,	25,	25,	25,	25,	-255.514,	0,	2316.25,	0,	-447.444,	0,	0,	356
287.861,	-77.949,	25,	25,	25,	25,	-255.514,	0,	2316.25,	0,	-447.444,	0,	0,	356
288.449,	-77.949,	25,	25,	25,	25,	-255.514,	0,	2316.25,	0,	-447.444,	0,	0,	356
289.054,	-77.949,	25,	25,	25,	25,	-255.514,	0,	2316.25,	0,	-447.444,	0,	0,	356
289.652,	-77.949,	25,	25,	25,	25,	-255.514,	0,	2316.25,	0,	-447.444,	0,	0,	356
290.273,	-77.949,	25,	25,	25,	25,	-255.514,	0,	2316.25,	0,	-447.444,	0,	0,	356
290.883,	-77.949,	25,	25,	25,	25,	-255.514,	0,	2316.25,	0,	-447.444,	0,	0,	356
291.467,	-77.949,	25,	25,	25,	25,	-255.514,	0,	2316.25,	0,	-447.444,	0,	0,	356
292.072,	-77.949,	25,	25,	25,	25,	-255.514,	0,	2316.25,	0,	-447.444,	0,	0,	356
292.663,	-77.949,	25,	25,	25,	25,	-255.514,	0,	2316.25,	0,	-447.444,	0,	0,	356
293.272,	-77.949,	25,	25,	25,	25,	-255.514,	0,	2316.25,	0,	-447.444,	0,	0,	356
293.862,	-77.949,	25,	25,	25,	25,	-255.514,	0,	2316.25,	0,	-447.444,	0,	0,	356
294.447,	-77.949,	25,	25,	25,	25,	-255.514,	0,	2316.25,	0,	-447.444,	0,	0,	356
295.053,	-77.949,	25,	25,	25,	25,	-255.514,	0,	2316.25,	0,	-447.444,	0,	0,	356
295.643,	-77.949,	25,	25,	25,	25,	-255.514,	0,	2316.25,	0,	-447.444,	0,	0,	356
296.264,	-77.949,	25,	25,	25,	25,	-255.514,	0,	2316.25,	0,	-447.444,	0,	0,	356
296.868,	-77.949,	25,	25,	25,	25,	-255.514,	0,	2316.25,	0,	-447.444,	0,	0,	356
297.47,	-77.949,	25,	25,	25,	25,	-255.514,	0,	2316.25,	0,	-447.444,	0,	0,	356
298.028,	-77.949,	25,	25,	25,	25,	-255.514,	0,	2316.25,	0,	-447.444,	0,	0,	356
298.581,	-77.949,	25,	25,	25,	25,	-255.514,	0,	2316.25,	0,	-447.444,	0,	0,	356
299.142,	-77.949,	25,	25,	25,	25,	-255.514,	0,	2316.25,	0,	-447.444,	0,	0,	356
299.697,	-77.949,	25,	25,	25,	25,	-255.514,	0,	2316.25,	0,	-447.444,	0,	0,	356
300.251,	-77.949,	25,	25,	25,	25,	-255.514,	0,	2316.25,	0,	-447.444,	0,	0,	356
300.814,	-77.949,	25,	25,	25,	25,	-255.514,	0,	2316.25,	0,	-447.444,	0,	0,	356
301.368,	-77.949,	25,	25,	25,	25,	-255.514,	0,	2316.25,	0,	-447.444,	0,	0,	356
301.925,	-77.949,	25,	25,	25,	25,	-255.514,	0,	2316.25,	0,	-447.444,	0,	0,	356
302.491,	-77.949,	25,	25,	25,	25,	-255.514,	0,	2316.25,	0,	-447.444,	0,	0,	356
303.042,	-77.949,	25,	25,	25,	25,	-255.514,	0,	2316.25,	0,	-447.444,	0,	0,	356
303.609,	-77.949,	25,	25,	25,	25,	-255.514,	0,	2316.25,	0,	-447.444,	0,	0,	356
304.153,	-77.949,	25,	25,	25,	25,	-255.514,	0,	2316.25,	0,	-447.444,	0,	0,	356
304.756,	-77.949,	25,	25,	25,	25,	-255.514,	0,	2316.25,	0,	-447.444,	0,	0,	356
305.309,	-77.949,	25,	25,	25,	25,	-255.514,	0,	2316.25,	0,	-447.444,	0,	0,	356
305.864,	-77.949,	25,	25,	25,	25,	-255.514,	0,	2316.25,	0,	-447.444,	0,	0,	356
306.423,	-77.949,	25,	25,	25,	25,	-255.514,	0,	2316.25,	0,	-447.444,	0,	0,	356
307.02,	-77.949,	25,	25,	25,	25,	-255.514,	0,	2316.25,	0,	-447.444,	0,	0,	356
307.572,	-77.949,	25,	25,	25,	25,	-255.514,	0,	2316.25,	0,	-447.444,	0,	0,	356
308.144,	-77.949,	25,	25,	25,	25,	-255.514,	0,	2316.25,	0,	-447.444,	0,	0,	356
308.688,	-77.949,	25,	25,	25,	25,	-255.514,	0,	2316.25,	0,	-447.444,	0,	0,	356
309.247,	-77.949,	25,	25,	25,	25,	-255.514,	0,	2316.25,	0,	-447.444,	0,	0,	356
309.804,	-77.949,	25,	25,	25,	25,	-255.514,	0,	2316.25,	0,	-447.444,	0,	0,	356
310.363,	-77.949,	25,	25,	25,	25,	-255.514,	0,	2316.25,	0,	-447.444,	0,	0,	356
310.924,	-77.949,	25,	25,	25,	25,	-255.514,	0,	2316.25,	0,	-447.444,	0,	0,	356
311.511,	-77.949,	25,	25,	25,	25,	-255.514,	0,	2316.25,	0,	-447.444,	0,	0,	356
312.067,	-77.949,	25,	25,	25,	25,	-255.514,	0,	2316.25,	0,	-447.444,	0,	0,	356
312.639,	-77.949,	25,	25,	25,	25,	-255.514,	0,	2316.25,	0,	-447.444,	0,	0,	356
313.188,	-77.949,	25,	25,	25,	25,	-255.514,	0,	2316.25,	0,	-447.444,	0,	0,	356
313.791,	-77.949,	25,	25,	25,	25,	-255.514,	0,	2316.25,	0,	-447.444,	0,	0,	356
314.339,	-77.949,	25,	25,	25,	25,	-255.514,	0,	2316.25,	0,	-447.444,	0,	0,	356
314.897,	-77.949,	25,	25,	25,	25,	-255.514,	0,	2316.25,	0,	-447.444,	0,	0,	356
315.461,	-77.949,	25,	25,	25,	25,	-255.514,	0,	2316.25,	0,	-447.444,	0,	0,	356
316.018,	-77.949,	25,	25,	25,	25,	-255.514,	0,	2316.25,	0,	-447.444,	0,	0,	356
316.57,	-77.949,	25,	25,	25,	25,	-255.514,	0,	2316.25,	0,	-447.444,	0,	0,	356
317.124,	-77.949,	25,	25,	25,	25,	-255.514,	0,	2316.25,	0,	-447.444,	0,	0,	356
317.682,	-77.949,	25,	25,	25,	25,	-255.514,	0,	2316.25,	0,	-447.444,	0,	0,	356
318.29,	-77.949,	25,	25,	25,	25,	-255.514,	0,	2316.25,	0,	-447.444,	0,	0,	356
318.832,	-77.949,	25,	25,	25,	25,	-255.514,	0,	2316.25,	0,	-447.444,	0,	0,	356
319.391,	-77.949,	25,	25,	25,	25,	-255.514,	0,	2316.25,	0,	-447.444,	0,	0,	356
319.953,	-77.949,	25,	25,	25,	25,	-255.514,	0,	2316.25,	0,	-447.444,	0,	0,	356
320.508,	-77.949,	25,	25,	25,	25,	-255.514,	0,	2316.25,	0,	-447.444,	0,	0,	356
321.064,	-77.949,	25,	25,	25,	25,	-255.514,	0,	2316.25,	0,	-447.444,	0,	0,	356
321.622,	-77.949,	25,	25,	25,	25,	-255.514,	0,	2316.25,	0,	-447.444,	0,	0,	356
322.181,	-77.949,	25,	25,	25,	25,	-255.514,	0,	2316.25,	0,	-447.444,	0,	0,	356
322.782,	-77.949,	25,	25,	25,	25,	-255.514,	0,	2316.25,	0,	-447.444,	0,	0,	356
323.328,	-77.949,	25,	25,	25,	25,	-255.514,	0,	2316.25,	0,	-447.444,	0,	0,	356
323.897,	-77.949,	25,	25,	25,	25,	-255.514,	0,	2316.25,	0,	-447.444,	0,	0,	356
324.447,	-77.949,	25,	25,	25,	25,	-255.514,	0,	2316.25,	0,	-447.444,	0,	0,	356
325.041,	-77.949,	25,	25,	25,	25,	-255.514,	0,	2316.25,	0,	-447.444,	0,	0,	356
325.635,	-77.949,	25,	25,	25,	25,	-255.514,	0,	2316.25,	0,	-447.444,	0,	0,	356
326.191,	-77.949,	25,	25,	25,	25,	-255.514,	0,	2316.25,	0,	-447.444,	0,	0,	356
326.794,	-77.949,	25.1,	25,	25,	25,	-255.514,	0,	2316.25,	0,	-447.444,	0,	0,	356
327.347,	-77.949,	25,	25,	25,	25,	-255.514,	0,	2316.25,	0,	-447.444,	0,	0,	356
327.91,	-77.949,	25,	25,	25,	25,	-255.514,	0,	2316.25,	0,	-447.444,	0,	0,	356
328.497,	-77.949,	25,	25,	25,	25,	-255.514,	0,	2316.25,	0,	-447.444,	0,	0,	356
329.061,	-77.949,	25,	25,	25,	25,	-255.514,	0,	2316.25,	0,	-447.444,	0,	0,	356
329.612,	-77.949,	25,	25,	25,	25,	-255.514,	0,	2316.25,	0,	-447.444,	0,	0,	356
330.181,	-77.949,	25,	25,	25,	25,	-255.514,	0,	2316.25,	0,	-447.444,	0,	0,	356
330.784,	-77.949,	25,	25,	25,	25,	-255.514,	0,	2316.25,	0,	-447.444,	0,	0,	356
331.372,	-77.949,	25,	25,	25,	25,	-255.514,	0,	2316.25,	0,	-447.444,	0,	0,	356
331.922,	-77.949,	25,	25,	25,	25,	-255.514,	0,	2316.25,	0,	-447.444,	0,	0,	356
332.523,	-77.949,	25,	25,	25,	25,	-255.514,	0,	2316.25,	0,	-447.444,	0,	0,	356
333.08,	-77.949,	25,	25,	25,	25,	-255.514,	0,	2316.25,	0,	-447.444,	0,	0,	356
333.657,	-77.949,	25,	25,	25,	25,	-255.514,	0,	2316.25,	0,	-447.444,	0,	0,	356
334.237,	-77.949,	25,	25,	25,	25,	-255.514,	0,	2316.25,	0,	-447.444,	0,	0,	356
334.784,	-77.949,	25,	25,	25,	25,	-255.514,	0,	2316.25,	0,	-447.444,	0,	0,	356
335.344,	-77.949,	25,	25,	25,	25,	-255.514,	0,	2316.25,	0,	-447.444,	0,	0,	356
335.903,	-77.949,	25,	25,	25,	25,	-255.514,	0,	2316.25,	0,	-447.444,	0,	0,	356
336.461,	-77.949,	25,	25,	25,	25,	-255.514,	0,	2316.25,	0,	-447.444,	0,	0,	356
337.065,	-77.949,	25,	25,	25,	25,	-255.514,	0,	2316.25,	0,	-447.444,	0,	0,	356
337.614,	-77.949,	25,	25,	25,	25,	-255.514,	0,	2316.25,	0,	-447.444,	0,	0,	356
338.164,	-77.949,	25,	25,	25,	25,	-255.514,	0,	2316.25,	0,	-447.444,	0,	0,	356
338.733,	-77.949,	25,	25,	25,	25,	-255.514,	0,	2316.25,	0,	-447.444,	0,	0,	356
339.281,	-77.949,	25,	25,	25,	25,	-255.514,	0,	2316.25,	0,	-447.444,	0,	0,	356
339.849,	-77.949,	25,	25,	25,	25,	-255.514,	0,	2316.25,	0,	-447.444,	0,	0,	356
340.394,	-77.949,	25,	25,	25,	25,	-255.514,	0,	2316.25,	0,	-447.444,	0,	0,	356
340.954,	-77.949,	25,	25,	25,	25,	-255.514,	0,	2316.25,	0,	-447.444,	0,	0,	356
341.561,	-77.949,	25,	25,	25,	25,	-255.514,	0,	2316.25,	0,	-447.444,	0,	0,	356
342.108,	-77.949,	25,	25,	25,	25,	-255.514,	0,	2316.25,	0,	-447.444,	0,	0,	356
342.66,	-77.949,	25,	25,	25,	25,	-255.514,	0,	2316.25,	0,	-447.444,	0,	0,	356
343.226,	-77.949,	25,	25,	25,	25,	-255.514,	0,	2316.25,	0,	-447.444,	0,	0,	356
343.833,	-77.949,	25,	25,	25,	25,	-255.514,	0,	2316.25,	0,	-447.444,	0,	0,	356
344.423,	-77.949,	25,	25,	25,	25,	-255.514,	0,	2316.25,	0,	-447.444,	0,	0,	356
344.971,	-77.949,	25,	25,	25,	25,	-255.514,	0,	2316.25,	0,	-447.444,	0,	0,	356
345.561,	-77.949,	25,	25,	25,	25,	-255.514,	0,	2316.25,	0,	-447.444,	0,	0,	356
346.133,	-77.949,	25,	25,	25,	25,	-255.514,	0,	2316.25,	0,	-447.444,	0,	0,	356
346.682,	-77.949,	25,	25,	25,	25,	-255.514,	0,	2316.25,	0,	-447.444,	0,	0,	356
347.286,	-77.949,	25,	25,	25,	25,	-255.514,	0,	2316.25,	0,	-447.444,	0,	0,	356
347.864,	-77.949,	25,	25,	25,	25,	-255.514,	0,	2316.25,	0,	-447.444,	0,	0,	356
348.437,	-77.949,	25,	25,	25,	25,	-255.514,	0,	2316.25,	0,	-447.444,	0,	0,	356
349.029,	-77.949,	25,	25,	25,	25,	-255.514,	0,	2316.25,	0,	-447.444,	0,	0,	356
349.587,	-77.949,	25,	25,	25,	25,	-255.514,	0,	2316.25,	0,	-447.444,	0,	0,	356
350.154,	-77.949,	25,	25,	25,	25,	-255.514,	0,	2316.25,	0,	-447.444,	0,	0,	356
350.738,	-77.949,	25,	25,	25,	25,	-255.514,	0,	2316.25,	0,	-447.444,	0,	0,	356
351.3,	-77.949,	25,	25,	25,	25,	-255.514,	0,	2316.25,	0,	-447.444,	0,	0,	356
351.856,	-77.949,	25,	25,	25,	25,	-255.514,	0,	2316.25,	0,	-447.444,	0,	0,	356
352.414,	-77.949,	25,	25,	25,	25,	-255.514,	0,	2316.25,	0,	-447.444,	0,	0,	356
352.971,	-77.949,	25,	25,	25,	25,	-255.514,	0,	2316.25,	0,	-447.444,	0,	0,	356
353.563,	-77.949,	25,	25,	25,	25,	-255.514,	0,	2316.25,	0,	-447.444,	0,	0,	356
354.124,	-77.949,	25,	25,	25,	25,	-255.514,	0,	2316.25,	0,	-447.444,	0,	0,	356
354.689,	-77.949,	25,	25,	25,	25,	-255.514,	0,	2316.25,	0,	-447.444,	0,	0,	356
355.291,	-77.949,	25,	25,	25,	25,	-255.514,	0,	2316.25,	0,	-447.444,	0,	0,	356
355.882,	-77.949,	25,	25,	25,	25,	-255.514,	0,	2316.25,	0,	-447.444,	0,	0,	356
356.467,	-77.949,	25,	25,	25,	25,	-255.514,	0,	2316.25,	0,	-447.444,	0,	0,	356
357.062,	-77.949,	25,	25,	25,	25,	-255.514,	0,	2316.25,	0,	-447.444,	0,	0,	356
357.627,	-77.949,	25,	25,	25,	25,	-255.514,	0,	2316.25,	0,	-447.444,	0,	0,	356
358.214,	-77.949,	25,	25,	25,	25,	-255.514,	0,	2316.25,	0,	-447.444,	0,	0,	356
358.818,	-77.949,	25,	25,	25,	25,	-255.514,	0,	2316.25,	0,	-447.444,	0,	0,	356
359.408,	-77.949,	25,	25,	25,	25,	-255.514,	0,	2316.25,	0,	-447.444,	0,	0,	356
359.972,	-77.949,	25,	25,	25,	25,	-255.514,	0,	2316.25,	0,	-447.444,	0,	0,	356
360.571,	-77.949,	25,	25,	25,	25,	-255.514,	0,	2316.25,	0,	-447.444,	0,	0,	356
361.183,	-77.949,	25,	25,	25,	25,	-255.514,	0,	2316.25,	0,	-447.444,	0,	0,	356
361.764,	-77.949,	25,	25,	25,	25,	-255.514,	0,	2316.25,	0,	-447.444,	0,	0,	356
362.352,	-77.949,	25,	25,	25,	25,	-255.514,	0,	2316.25,	0,	-447.444,	0,	0,	356
362.914,	-77.949,	25,	25,	25,	25,	-255.514,	0,	2316.25,	0,	-447.444,	0,	0,	356
363.513,	-77.949,	25,	25,	25,	25,	-255.514,	0,	2316.25,	0,	-447.444,	0,	0,	356
364.123,	-77.949,	25,	25,	25,	25,	-255.514,	0,	2316.25,	0,	-447.444,	0,	0,	356
364.707,	-77.949,	25,	25,	25,	25,	-255.514,	0,	2316.25,	0,	-447.444,	0,	0,	356
365.292,	-77.949,	25,	25,	25,	25,	-255.514,	0,	2316.25,	0,	-447.444,	0,	0,	356
365.854,	-77.949,	25,	25,	25,	25,	-255.514,	0,	2316.25,	0,	-447.444,	0,	0,	356
366.465,	-77.949,	25,	25,	25,	25,	-255.514,	0,	2316.25,	0,	-447.444,	0,	0,	356
367.076,	-77.949,	25,	25,	25,	25,	-255.514,	0,	2316.25,	0,	-447.444,	0,	0,	356
367.648,	-77.949,	25,	25,	25,	25,	-255.514,	0,	2316.25,	0,	-447.444,	0,	0,	356
368.237,	-77.949,	25,	25,	25,	25,	-255.514,	0,	2316.25,	0,	-447.444,	0,	0,	356
368.839,	-77.949,	25,	25,	25,	25,	-255.514,	0,	2316.25,	0,	-447.444,	0,	0,	356
369.43,	-77.949,	25,	25,	25,	25,	-255.514,	0,	2316.25,	0,	-447.444,	0,	0,	356
370.037,	-77.949,	25,	25,	25,	25,	-255.514,	0,	2316.25,	0,	-447.444,	0,	0,	356
370.621,	-77.949,	25,	25,	25,	25,	-255.514,	0,	2316.25,	0,	-447.444,	0,	0,	356
371.216,	-77.949,	25,	25,	25,	25,	-255.514,	0,	2316.25,	0,	-447.444,	0,	0,	356
371.822,	-77.949,	25,	25,	25,	25,	-255.514,	0,	2316.25,	0,	-447.444,	0,	0,	356
372.412,	-77.949,	25,	25,	25,	25,	-255.514,	0,	2316.25,	0,	-447.444,	0,	0,	356
373.022,	-77.949,	25,	25,	25,	25,	-255.514,	0,	2316.25,	0,	-447.444,	0,	0,	356
373.603,	-77.949,	25,	25,	25,	25,	-255.514,	0,	2316.25,	0,	-447.444,	0,	0,	356
374.19,	-77.949,	25,	25,	25,	25,	-255.514,	0,	2316.25,	0,	-447.444,	0,	0,	356
374.767,	-77.949,	25,	25,	25,	25,	-255.514,	0,	2316.25,	0,	-447.444,	0,	0,	356
375.363,	-77.949,	25,	25,	25,	25,	-255.514,	0,	2316.25,	0,	-447.444,	0,	0,	356
375.975,	-77.949,	25,	25,	25,	25,	-255.514,	0,	2316.25,	0,	-447.444,	0,	0,	356
376.581,	-77.949,	25,	25,	25,	25,	-255.514,	0,	2316.25,	0,	-447.444,	0,	0,	356
377.176,	-77.949,	25,	25,	25,	25,	-255.514,	0,	2316.25,	0,	-447.444,	0,	0,	356
377.778,	-77.949,	25,	25,	25,	25,	-255.514,	0,	2316.25,	0,	-447.444,	0,	0,	356
378.371,	-77.949,	25,	25,	25,	25,	-255.514,	0,	2316.25,	0,	-447.444,	0,	0,	356
378.98,	-77.949,	25,	25,	25,	25,	-255.514,	0,	2316.25,	0,	-447.444,	0,	0,	356
379.602,	-77.949,	25,	25,	25,	25,	-255.514,	0,	2316.25,	0,	-447.444,	0,	0,	356
380.197,	-77.949,	25,	25,	25,	25,	-255.514,	0,	2316.25,	0,	-447.444,	0,	0,	356
380.801,	-77.949,	25,	25,	25,	25,	-255.514,	0,	2316.25,	0,	-447.444,	0,	0,	356
381.39,	-77.949,	25,	25,	25,	25,	-255.514,	0,	2316.25,	0,	-447.444,	0,	0,	356
382.008,	-77.949,	25,	25,	25,	25,	-255.514,	0,	2316.25,	0,	-447.444,	0,	0,	356
382.587,	-77.949,	25,	25,	25,	25,	-255.514,	0,	2316.25,	0,	-447.444,	0,	0,	356
383.181,	-77.949,	25,	25,	25,	25,	-255.514,	0,	2316.25,	0,	-447.444,	0,	0,	356
383.773,	-77.949,	25,	25,	25,	25,	-255.514,	0,	2316.25,	0,	-447.444,	0,	0,	356
384.373,	-77.949,	25,	25,	25,	25,	-255.514,	0,	2316.25,	0,	-447.444,	0,	0,	356
384.982,	-77.949,	25,	25,	25,	25,	-255.514,	0,	2316.25,	0,	-447.444,	0,	0,	356
385.603,	-77.949,	25,	25,	25,	25,	-255.514,	0,	2316.25,	0,	-447.444,	0,	0,	356
386.201,	-77.949,	25,	25,	25,	25,	-255.514,	0,	2316.25,	0,	-447.444,	0,	0,	356
386.793,	-77.949,	25,	25,	25,	25,	-255.514,	0,	2316.25,	0,	-447.444,	0,	0,	356
387.385,	-77.949,	25,	25,	25,	25,	-255.514,	0,	2316.25,	0,	-447.444,	0,	0,	356
388.003,	-77.949,	25,	25,	25,	25,	-255.514,	0,	2316.25,	0,	-447.444,	0,	0,	356
388.583,	-77.949,	25,	25,	25,	25,	-255.514,	0,	2316.25,	0,	-447.444,	0,	0,	356
389.189,	-77.949,	25,	25,	25,	25,	-255.514,	0,	2316.25,	0,	-447.444,	0,	0,	356
389.773,	-77.949,	25,	25,	25,	25,	-255.514,	0,	2316.25,	0,	-447.444,	0,	0,	356
390.368,	-77.949,	25,	25,	25,	25,	-255.514,	0,	2316.25,	0,	-447.444,	0,	0,	356
390.983,	-77.949,	25,	25,	25,	25,	-255.514,	0,	2316.25,	0,	-447.444,	0,	0,	356
391.603,	-77.949,	25,	25,	25,	25,	-255.514,	0,	2316.25,	0,	-447.444,	0,	0,	356
392.207,	-77.949,	25,	25,	25,	25,	-255.514,	0,	2316.25,	0,	-447.444,	0,	0,	356
392.795,	-77.949,	25,	25,	25,	25,	-255.514,	0,	2316.25,	0,	-447.444,	0,	0,	356
393.41,	-77.949,	25,	25,	25,	25,	-255.514,	0,	2316.25,	0,	-447.444,	0,	0,	356
394.007,	-77.949,	25,	25,	25,	25,	-255.514,	0,	2316.25,	0,	-447.444,	0,	0,	356
394.641,	-77.949,	25,	25,	25,	25,	-255.514,	0,	2316.25,	0,	-447.444,	0,	0,	356
395.227,	-77.949,	25,	25,	25,	25,	-255.514,	0,	2316.25,	0,	-447.444,	0,	0,	356
395.851,	-77.949,	25,	25,	25,	25,	-255.514,	0,	2316.25,	0,	-447.444,	0,	0,	356
396.457,	-77.949,	25,	25,	25,	25,	-255.514,	0,	2316.25,	0,	-447.444,	0,	0,	356
397.074,	-77.949,	25,	25,	25,	25,	-255.514,	0,	2316.25,	0,	-447.444,	0,	0,	356
397.638,	-77.949,	25,	25,	25,	25,	-255.514,	0,	2316.25,	0,	-447.444,	0,	0,	356
398.247,	-77.949,	25,	25,	25,	25,	-255.514,	0,	2316.25,	0,	-447.444,	0,	0,	356
398.874,	-77.949,	25,	25,	25,	25,	-255.514,	0,	2316.25,	0,	-447.444,	0,	0,	356
399.475,	-77.949,	25,	25,	25,	25,	-255.514,	0,	2316.25,	0,	-447.444,	0,	0,	356
400.071,	-77.949,	25,	25,	25,	25,	-255.514,	0,	2316.25,	0,	-447.444,	0,	0,	356
400.654,	-77.949,	25,	25,	25,	25,	-255.514,	0,	2316.25,	0,	-447.444,	0,	0,	356
401.218,	-77.949,	25,	25,	25,	25,	-255.514,	0,	2316.25,	0,	-447.444,	0,	0,	356
401.778,	-77.949,	25,	25,	25,	25,	-255.514,	0,	2316.25,	0,	-447.444,	0,	0,	356
402.346,	-77.949,	25,	25,	25,	25,	-255.514,	0,	2316.25,	0,	-447.444,	0,	0,	356
402.882,	-77.949,	25,	25,	25,	25,	-255.514,	0,	2316.25,	0,	-447.444,	0,	0,	356
403.45,	-77.949,	25,	25,	25,	25,	-255.514,	0,	2316.25,	0,	-447.444,	0,	0,	356
404.011,	-77.949,	25,	25,	25,	25,	-255.514,	0,	2316.25,	0,	-447.444,	0,	0,	356
404.563,	-77.949,	25,	25,	25,	25,	-255.514,	0,	2316.25,	0,	-447.444,	0,	0,	356
405.124,	-77.949,	25,	25,	25,	25,	-255.514,	0,	2316.25,	0,	-447.444,	0,	0,	356
405.678,	-77.949,	25,	25,	25,	25,	-255.514,	0,	2316.25,	0,	-447.444,	0,	0,	356
406.233,	-77.949,	25,	25,	25,	25,	-255.514,	0,	2316.25,	0,	-447.444,	0,	0,	356
406.841,	-77.949,	25,	25,	25,	25,	-255.514,	0,	2316.25,	0,	-447.444,	0,	0,	356
407.385,	-77.949,	25,	25,	25,	25,	-255.514,	0,	2316.25,	0,	-447.444,	0,	0,	356
407.954,	-77.949,	25,	25,	25,	25,	-255.514,	0,	2316.25,	0,	-447.444,	0,	0,	356
408.51,	-77.949,	25,	25,	25,	25,	-255.514,	0,	2316.25,	0,	-447.444,	0,	0,	356
409.102,	-77.949,	25,	25,	25,	25,	-255.514,	0,	2316.25,	0,	-447.444,	0,	0,	356
409.681,	-77.949,	25,	25,	25,	25,	-255.514,	0,	2316.25,	0,	-447.444,	0,	0,	356
410.253,	-77.949,	25,	25,	25,	25,	-255.514,	0,	2316.25,	0,	-447.444,	0,	0,	356
410.846,	-77.949,	25,	25,	25,	25,	-255.514,	0,	2316.25,	0,	-447.444,	0,	0,	356
411.403,	-77.949,	25,	25,	25,	25,	-255.514,	0,	2316.25,	0,	-447.444,	0,	0,	356
411.962,	-77.949,	25,	25,	25,	25,	-255.514,	0,	2316.25,	0,	-447.444,	0,	0,	356
412.521,	-77.949,	25,	25,	25,	25,	-255.514,	0,	2316.25,	0,	-447.444,	0,	0,	356
413.076,	-77.949,	25,	25,	25,	25,	-255.514,	0,	2316.25,	0,	-447.444,	0,	0,	356
413.635,	-77.949,	25,	25,	25,	25,	-255.514,	0,	2316.25,	0,	-447.444,	0,	0,	356
414.207,	-77.949,	25,	25,	25,	25,	-255.514,	0,	2316.25,	0,	-447.444,	0,	0,	356
414.778,	-77.949,	25,	25,	25,	25,	-255.514,	0,	2316.25,	0,	-447.444,	0,	0,	356
415.352,	-77.949,	25,	25,	25,	25,	-255.514,	0,	2316.25,	0,	-447.444,	0,	0,	356
415.902,	-77.949,	25,	25,	25,	25,	-255.514,	0,	2316.25,	0,	-447.444,	0,	0,	356
416.457,	-77.949,	25,	25,	25,	25,	-255.514,	0,	2316.25,	0,	-447.444,	0,	0,	356
417.049,	-77.949,	25,	25,	25,	25,	-255.514,	0,	2316.25,	0,	-447.444,	0,	0,	356
417.61,	-77.949,	25,	25,	25,	25,	-255.514,	0,	2316.25,	0,	-447.444,	0,	0,	356
418.173,	-77.949,	25,	25,	25,	25,	-255.514,	0,	2316.25,	0,	-447.444,	0,	0,	356
418.722,	-77.949,	25,	25,	25,	25,	-255.514,	0,	2316.25,	0,	-447.444,	0,	0,	356
419.281,	-77.949,	25,	25,	25,	25,	-255.514,	0,	2316.25,	0,	-447.444,	0,	0,	356
419.869,	-77.949,	25,	25,	25,	25,	-255.514,	0,	2316.25,	0,	-447.444,	0,	0,	356
420.435,	-77.949,	25,	25,	25,	25,	-255.514,	0,	2316.25,	0,	-447.444,	0,	0,	356
421.001,	-77.949,	25,	25,	25,	25,	-255.514,	0,	2316.25,	0,	-447.444,	0,	0,	356
421.601,	-77.949,	25,	25,	25,	25,	-255.514,	0,	2316.25,	0,	-447.444,	0,	0,	356
422.144,	-77.949,	25,	25,	25,	25,	-255.514,	0,	2316.25,	0,	-447.444,	0,	0,	356
422.713,	-77.949,	25,	25,	25,	25,	-255.514,	0,	2316.25,	0,	-447.444,	0,	0,	356
423.26,	-77.949,	25,	25,	25,	25,	-255.514,	0,	2316.25,	0,	-447.444,	0,	0,	356
423.858,	-77.949,	25,	25,	25,	25,	-255.514,	0,	2316.25,	0,	-447.444,	0,	0,	356
424.419,	-77.949,	25,	25,	25,	25,	-255.514,	0,	2316.25,	0,	-447.444,	0,	0,	356
424.971,	-77.949,	25,	25,	25,	25,	-255.514,	0,	2316.25,	0,	-447.444,	0,	0,	356
425.538,	-77.949,	25,	25,	25,	25,	-255.514,	0,	2316.25,	0,	-447.444,	0,	0,	356
426.124,	-77.949,	25,	25,	25,	25,	-255.514,	0,	2316.25,	0,	-447.444,	0,	0,	356
426.714,	-77.949,	25,	25,	25,	25,	-255.514,	0,	2316.25,	0,	-447.444,	0,	0,	356
427.284,	-77.949,	25,	25,	25,	25,	-255.514,	0,	2316.25,	0,	-447.444,	0,	0,	356
427.873,	-77.949,	25,	25,	25,	25,	-255.514,	0,	2316.25,	0,	-447.444,	0,	0,	356
428.441,	-77.949,	25,	25,	25,	25,	-255.514,	0,	2316.25,	0,	-447.444,	0,	0,	356
428.983,	-77.949,	25,	25,	25,	25,	-255.514,	0,	2316.25,	0,	-447.444,	0,	0,	356
429.547,	-77.949,	25,	25,	25,	25,	-255.514,	0,	2316.25,	0,	-447.444,	0,	0,	356
430.106,	-77.949,	25,	25,	25,	25,	-255.514,	0,	2316.25,	0,	-447.444,	0,	0,	356
430.662,	-77.949,	25,	25,	25,	25,	-255.514,	0,	2316.25,	0,	-447.444,	0,	0,	356
431.22,	-77.949,	25,	25,	25,	25,	-255.514,	0,	2316.25,	0,	-447.444,	0,	0,	356
431.77,	-77.949,	25,	25,	25,	25,	-255.514,	0,	2316.25,	0,	-447.444,	0,	0,	356
432.373,	-77.949,	25,	25,	25,	25,	-255.514,	0,	2316.25,	0,	-447.444,	0,	0,	356
432.933,	-77.949,	25,	25,	25,	25,	-255.514,	0,	2316.25,	0,	-447.444,	0,	0,	356
433.482,	-77.949,	25,	25,	25,	25,	-255.514,	0,	2316.25,	0,	-447.444,	0,	0,	356
434.05,	-77.949,	25,	25,	25,	25,	-255.514,	0,	2316.25,	0,	-447.444,	0,	0,	356
434.598,	-77.949,	25,	25,	25,	25,	-255.514,	0,	2316.25,	0,	-447.444,	0,	0,	356
435.158,	-77.949,	25,	25,	25,	25,	-255.514,	0,	2316.25,	0,	-447.444,	0,	0,	356
435.719,	-77.949,	25,	25,	25,	25,	-255.514,	0,	2316.25,	0,	-447.444,	0,	0,	356
436.269,	-77.949,	25,	25,	25,	25,	-255.514,	0,	2316.25,	0,	-447.444,	0,	0,	356
436.876,	-77.949,	25,	25,	25,	25,	-255.514,	0,	2316.25,	0,	-447.444,	0,	0,	356
437.421,	-77.949,	25,	25,	25,	25,	-255.514,	0,	2316.25,	0,	-447.444,	0,	0,	356
438.001,	-77.949,	25,	25,	25,	25,	-255.514,	0,	2316.25,	0,	-447.444,	0,	0,	356
438.581,	-77.949,	25,	25,	25,	25,	-255.514,	0,	2316.25,	0,	-447.444,	0,	0,	356
439.141,	-77.949,	25,	25,	25,	25,	-255.514,	0,	2316.25,	0,	-447.444,	0,	0,	356
439.692,	-77.949,	25,	25,	25,	25,	-255.514,	0,	2316.25,	0,	-447.444,	0,	0,	356
440.252,	-77.949,	25,	25,	25,	25,	-255.514,	0,	2316.25,	0,	-447.444,	0,	0,	356
440.841,	-77.949,	25,	25,	25,	25,	-255.514,	0,	2316.25,	0,	-447.444,	0,	0,	356
441.41,	-77.949,	25,	25,	25,	25,	-255.514,	0,	2316.25,	0,	-447.444,	0,	0,	356
441.959,	-77.949,	25,	25,	25,	25,	-255.514,	0,	2316.25,	0,	-447.444,	0,	0,	356
442.515,	-77.949,	25,	25,	25,	25,	-255.514,	0,	2316.25,	0,	-447.444,	0,	0,	356
443.145,	-77.949,	25,	25,	25,	25,	-255.514,	0,	2316.25,	0,	-447.444,	0,	0,	356
443.709,	-77.949,	25,	25,	25,	25,	-255.514,	0,	2316.25,	0,	-447.444,	0,	0,	356
444.28,	-77.949,	25,	25,	25,	25,	-255.514,	0,	2316.25,	0,	-447.444,	0,	0,	356
444.861,	-77.949,	25,	25,	25,	25,	-255.514,	0,	2316.25,	0,	-447.444,	0,	0,	356
445.421,	-77.949,	25,	25,	25,	25,	-255.514,	0,	2316.25,	0,	-447.444,	0,	0,	356
445.98,	-77.949,	25,	25,	25,	25,	-255.514,	0,	2316.25,	0,	-447.444,	0,	0,	356
446.534,	-77.949,	25,	25,	25,	25,	-255.514,	0,	2316.25,	0,	-447.444,	0,	0,	356
447.142,	-77.949,	25,	25,	25,	25,	-255.514,	0,	2316.25,	0,	-447.444,	0,	0,	356
447.724,	-77.949,	25,	25,	25,	25,	-255.514,	0,	2316.25,	0,	-447.444,	0,	0,	356
448.306,	-77.949,	25,	25,	25,	25,	-255.514,	0,	2316.25,	0,	-447.444,	0,	0,	356
448.883,	-77.949,	25,	25,	25,	25,	-255.514,	0,	2316.25,	0,	-447.444,	0,	0,	356
449.437,	-77.949,	25,	25,	25,	25,	-255.514,	0,	2316.25,	0,	-447.444,	0,	0,	356
450.011,	-77.949,	25,	25,	25,	25,	-255.514,	0,	2316.25,	0,	-447.444,	0,	0,	356
450.602,	-77.949,	25,	25,	25,	25,	-255.514,	0,	2316.25,	0,	-447.444,	0,	0,	356
451.186,	-77.949,	25,	25,	25,	25,	-255.514,	0,	2316.25,	0,	-447.444,	0,	0,	356
451.75,	-77.949,	25,	25,	25,	25,	-255.514,	0,	2316.25,	0,	-447.444,	0,	0,	356
452.301,	-77.949,	25,	25,	25,	25,	-255.514,	0,	2316.25,	0,	-447.444,	0,	0,	356
452.902,	-77.949,	25,	25,	25,	25,	-255.514,	0,	2316.25,	0,	-447.444,	0,	0,	356
453.453,	-77.949,	25,	25,	25,	25,	-255.514,	0,	2316.25,	0,	-447.444,	0,	0,	356
454.013,	-77.949,	25,	25,	25,	25,	-255.514,	0,	2316.25,	0,	-447.444,	0,	0,	356
454.612,	-77.949,	25,	25,	25,	25,	-255.514,	0,	2316.25,	0,	-447.444,	0,	0,	356
455.236,	-77.949,	25,	25,	25,	25,	-255.514,	0,	2316.25,	0,	-447.444,	0,	0,	356
455.802,	-77.949,	25,	25,	25,	25,	-255.514,	0,	2316.25,	0,	-447.444,	0,	0,	356
456.394,	-77.949,	25,	25,	25,	25,	-255.514,	0,	2316.25,	0,	-447.444,	0,	0,	356
456.954,	-77.949,	25,	25,	25,	25,	-255.514,	0,	2316.25,	0,	-447.444,	0,	0,	356
457.518,	-77.949,	25,	25,	25,	25,	-255.514,	0,	2316.25,	0,	-447.444,	0,	0,	356
458.126,	-77.949,	25,	25,	25,	25,	-255.514,	0,	2316.25,	0,	-447.444,	0,	0,	356
458.713,	-77.949,	25,	25,	25,	25,	-255.514,	0,	2316.25,	0,	-447.444,	0,	0,	356
459.297,	-77.949,	25,	25,	25,	25,	-255.514,	0,	2316.25,	0,	-447.444,	0,	0,	356
459.897,	-77.949,	25,	25,	25,	25,	-255.514,	0,	2316.25,	0,	-447.444,	0,	0,	356
460.462,	-77.949,	25,	25,	25,	25,	-255.514,	0,	2316.25,	0,	-447.444,	0,	0,	356
461.041,	-77.949,	25,	25,	25,	25,	-255.514,	0,	2316.25,	0,	-447.444,	0,	0,	356
461.649,	-77.949,	25,	25,	25,	25,	-255.514,	0,	2316.25,	0,	-447.444,	0,	0,	356
462.241,	-77.949,	25,	25,	25,	25,	-255.514,	0,	2316.25,	0,	-447.444,	0,	0,	356
462.798,	-77.949,	25,	25,	25,	25,	-255.514,	0,	2316.25,	0,	-447.444,	0,	0,	356
463.417,	-77.949,	25,	25,	25,	25,	-255.514,	0,	2316.25,	0,	-447.444,	0,	0,	356
463.992,	-77.949,	25,	25,	25,	25,	-255.514,	0,	2316.25,	0,	-447.444,	0,	0,	356
464.595,	-77.949,	25,	25,	25,	25,	-255.514,	0,	2316.25,	0,	-447.444,	0,	0,	356
465.184,	-77.949,	25,	25,	25,	25,	-255.514,	0,	2316.25,	0,	-447.444,	0,	0,	356
465.802,	-77.949,	25,	25,	25,	25,	-255.514,	0,	2316.25,	0,	-447.444,	0,	0,	356
466.433,	-77.949,	25,	25,	25,	25,	-255.514,	0,	2316.25,	0,	-447.444,	0,	0,	356
467.029,	-77.949,	25,	25,	25,	25,	-255.514,	0,	2316.25,	0,	-447.444,	0,	0,	356
467.609,	-77.949,	25,	25,	25,	25,	-255.514,	0,	2316.25,	0,	-447.444,	0,	0,	356
468.204,	-77.949,	25,	25,	25,	25,	-255.514,	0,	2316.25,	0,	-447.444,	0,	0,	356
468.808,	-77.949,	25,	25,	25,	25,	-255.514,	0,	2316.25,	0,	-447.444,	0,	0,	356
469.396,	-77.949,	25,	25,	25,	25,	-255.514,	0,	2316.25,	0,	-447.444,	0,	0,	356
470.007,	-77.949,	25,	25,	25,	25,	-255.514,	0,	2316.25,	0,	-447.444,	0,	0,	356
470.591,	-77.949,	25,	25,	25,	25,	-255.514,	0,	2316.25,	0,	-447.444,	0,	0,	356
471.184,	-77.949,	25,	25,	25,	25,	-255.514,	0,	2316.25,	0,	-447.444,	0,	0,	356
471.781,	-77.949,	25,	25,	25,	25,	-255.514,	0,	2316.25,	0,	-447.444,	0,	0,	356
472.374,	-77.949,	25,	25,	25,	25,	-255.514,	0,	2316.25,	0,	-447.444,	0,	0,	356
472.985,	-77.949,	25,	25,	25,	25,	-255.514,	0,	2316.25,	0,	-447.444,	0,	0,	356
473.572,	-77.949,	25,	25,	25,	25,	-255.514,	0,	2316.25,	0,	-447.444,	0,	0,	356
474.163,	-77.949,	25,	25,	25,	25,	-255.514,	0,	2316.25,	0,	-447.444,	0,	0,	356
474.768,	-77.949,	25,	25,	25,	25,	-255.514,	0,	2316.25,	0,	-447.444,	0,	0,	356
475.358,	-77.949,	25,	25,	25,	25,	-255.514,	0,	2316.25,	0,	-447.444,	0,	0,	356
475.954,	-77.949,	25,	25,	25,	25,	-255.514,	0,	2316.25,	0,	-447.444,	0,	0,	356
476.548,	-77.949,	25,	25,	25,	25,	-255.514,	0,	2316.25,	0,	-447.444,	0,	0,	356
477.144,	-77.949,	25,	25,	25,	25,	-255.514,	0,	2316.25,	0,	-447.444,	0,	0,	356
477.768,	-77.949,	25,	25,	25,	25,	-255.514,	0,	2316.25,	0,	-447.444,	0,	0,	356
478.332,	-77.949,	25,	25,	25,	25,	-255.514,	0,	2316.25,	0,	-447.444,	0,	0,	356
478.943,	-77.949,	25,	25,	25,	25,	-255.514,	0,	2316.25,	0,	-447.444,	0,	0,	356
479.535,	-77.949,	25,	25,	25,	25,	-255.514,	0,	2316.25,	0,	-447.444,	0,	0,	356
480.129,	-77.949,	25,	25,	25,	25,	-255.514,	0,	2316.25,	0,	-447.444,	0,	0,	356
480.741,	-77.949,	25,	25,	25,	25,	-255.514,	0,	2316.25,	0,	-447.444,	0,	0,	356
481.314,	-77.949,	25,	25,	25,	25,	-255.514,	0,	2316.25,	0,	-447.444,	0,	0,	356
481.921,	-77.949,	25,	25,	25,	25,	-255.514,	0,	2316.25,	0,	-447.444,	0,	0,	356
482.521,	-77.949,	25,	25,	25,	25,	-255.514,	0,	2316.25,	0,	-447.444,	0,	0,	356
483.108,	-77.949,	25,	25,	25,	25,	-255.514,	0,	2316.25,	0,	-447.444,	0,	0,	356
483.709,	-77.949,	25,	25,	25,	25,	-255.514,	0,	2316.25,	0,	-447.444,	0,	0,	356
484.293,	-77.949,	25,	25,	25,	25,	-255.514,	0,	2316.25,	0,	-447.444,	0,	0,	356
484.904,	-77.949,	25,	25,	25,	25,	-255.514,	0,	2316.25,	0,	-447.444,	0,	0,	356
485.488,	-77.949,	25,	25,	25,	25,	-255.514,	0,	2316.25,	0,	-447.444,	0,	0,	356
486.094,	-77.949,	25,	25,	25,	25,	-255.514,	0,	2316.25,	0,	-447.444,	0,	0,	356
486.684,	-77.949,	25,	25,	25,	25,	-255.514,	0,	2316.25,	0,	-447.444,	0,	0,	356
487.3,	-77.949,	25,	25,	25,	25,	-255.514,	0,	2316.25,	0,	-447.444,	0,	0,	356
487.925,	-77.949,	25,	25,	25,	25,	-255.514,	0,	2316.25,	0,	-447.444,	0,	0,	356
488.512,	-77.949,	25,	25,	25,	25,	-255.514,	0,	2316.25,	0,	-447.444,	0,	0,	356
489.113,	-77.949,	25,	25,	25,	25,	-255.514,	0,	2316.25,	0,	-447.444,	0,	0,	356
489.701,	-77.949,	25,	25,	25,	25,	-255.514,	0,	2316.25,	0,	-447.444,	0,	0,	356
490.311,	-77.949,	25,	25,	25,	25,	-255.514,	0,	2316.25,	0,	-447.444,	0,	0,	356
490.939,	-77.949,	25,	25,	25,	25,	-255.514,	0,	2316.25,	0,	-447.444,	0,	0,	356
491.531,	-77.949,	25,	25,	25,	25,	-255.514,	0,	2316.25,	0,	-447.444,	0,	0,	356
492.132,	-77.949,	25,	25,	25,	25,	-255.514,	0,	2316.25,	0,	-447.444,	0,	0,	356
492.723,	-77.949,	25,	25,	25,	25,	-255.514,	0,	2316.25,	0,	-447.444,	0,	0,	356
493.343,	-77.949,	25,	25,	25,	25,	-255.514,	0,	2316.25,	0,	-447.444,	0,	0,	356
493.954,	-77.949,	25,	25,	25,	25,	-255.514,	0,	2316.25,	0,	-447.444,	0,	0,	356
494.551,	-77.949,	25,	25,	25,	25,	-255.514,	0,	2316.25,	0,	-447.444,	0,	0,	356
495.192,	-77.949,	25,	25,	25,	25,	-255.514,	0,	2316.25,	0,	-447.444,	0,	0,	356
495.788,	-77.949,	25,	25,	25,	25,	-255.514,	0,	2316.25,	0,	-447.444,	0,	0,	356
496.38,	-77.949,	25,	25,	25,	25,	-255.514,	0,	2316.25,	0,	-447.444,	0,	0,	356
496.973,	-77.949,	25,	25,	25,	25,	-255.514,	0,	2316.25,	0,	-447.444,	0,	0,	356
497.575,	-77.949,	25,	25,	25,	25,	-255.514,	0,	2316.25,	0,	-447.444,	0,	0,	356
498.169,	-77.949,	25,	25,	25,	25,	-255.514,	0,	2316.25,	0,	-447.444,	0,	0,	356
498.72,	-77.949,	25,	25,	25,	25,	-255.514,	0,	2316.25,	0,	-447.444,	0,	0,	356
499.286,	-77.949,	25,	25,	25,	25,	-255.514,	0,	2316.25,	0,	-447.444,	0,	0,	356
499.841,	-77.949,	25,	25,	25,	25,	-255.514,	0,	2316.25,	0,	-447.444,	0,	0,	356
500.393,	-77.949,	25,	25,	25,	25,	-255.514,	0,	2316.25,	0,	-447.444,	0,	0,	356
500.954,	-77.949,	25,	25,	25,	25,	-255.514,	0,	2316.25,	0,	-447.444,	0,	0,	356
501.51,	-77.949,	25,	25,	25,	25,	-255.514,	0,	2316.25,	0,	-447.444,	0,	0,	356
502.102,	-77.949,	25,	25,	25,	25,	-255.514,	0,	2316.25,	0,	-447.444,	0,	0,	356
502.664,	-77.949,	25,	25,	25,	25,	-255.514,	0,	2316.25,	0,	-447.444,	0,	0,	356
503.212,	-77.949,	25,	25,	25,	25,	-255.514,	0,	2316.25,	0,	-447.444,	0,	0,	356
503.818,	-77.949,	25,	25,	25,	25,	-255.514,	0,	2316.25,	0,	-447.444,	0,	0,	356
504.382,	-77.949,	25,	25,	25,	25,	-255.514,	0,	2316.25,	0,	-447.444,	0,	0,	356
504.932,	-77.949,	25,	25,	25,	25,	-255.514,	0,	2316.25,	0,	-447.444,	0,	0,	356
505.497,	-77.949,	25,	25,	25,	25,	-255.514,	0,	2316.25,	0,	-447.444,	0,	0,	356
506.039,	-77.949,	25,	25,	25,	25,	-255.514,	0,	2316.25,	0,	-447.444,	0,	0,	356
506.613,	-77.949,	25,	25,	25,	25,	-255.514,	0,	2316.25,	0,	-447.444,	0,	0,	356
507.155,	-77.949,	25,	25,	25,	25,	-255.514,	0,	2316.25,	0,	-447.444,	0,	0,	356
507.721,	-77.949,	25,	25,	25,	25,	-255.514,	0,	2316.25,	0,	-447.444,	0,	0,	356
508.318,	-77.949,	25,	25,	25,	25,	-255.514,	0,	2316.25,	0,	-447.444,	0,	0,	356
508.91,	-77.949,	25,	25,	25,	25,	-255.514,	0,	2316.25,	0,	-447.444,	0,	0,	356
509.477,	-77.949,	25,	25,	25,	25,	-255.514,	0,	2316.25,	0,	-447.444,	0,	0,	356
